3.1269
3.1269
3.1269
3.1269
11.8845
11.8845
11.8845
11.8845
21.9943
21.9943
21.9943
21.9943
31.9505
31.9505
31.9505
31.9505
42.0122
42.0122
42.0122
42.0122
54.433
54.433
54.433
54.433
63.0758
63.0758
63.0758
63.0758
72.0883
72.0883
72.0883
72.0883
82.182
82.182
82.182
82.182
92.0674
92.0674
92.0674
92.0674
102.5477
102.5477
102.5477
102.5477
111.928
111.928
111.928
111.928
122.2629
122.2629
122.2629
122.2629
131.8684
131.8684
131.8684
131.8684
141.9233
141.9233
141.9233
141.9233
151.9026
151.9026
151.9026
151.9026
161.9675
161.9675
161.9675
161.9675
171.9652
171.9652
171.9652
171.9652
182.0891
182.0891
182.0891
182.0891
192.0155
192.0155
192.0155
192.0155
201.8708
201.8708
201.8708
201.8708
211.8873
211.8873
211.8873
211.8873
221.8673
221.8673
221.8673
221.8673
231.8913
231.8913
231.8913
231.8913
241.9309
241.9309
241.9309
241.9309
252.0069
252.0069
252.0069
252.0069
261.9425
261.9425
261.9425
261.9425
271.9545
271.9545
271.9545
271.9545
281.898
281.898
281.898
281.898
291.8661
291.8661
291.8661
291.8661
301.9571
301.9571
301.9571
301.9571
311.9439
311.9439
311.9439
311.9439
321.9904
321.9904
321.9904
321.9904
331.9594
331.9594
331.9594
331.9594
341.9441
341.9441
341.9441
341.9441
351.9772
351.9772
351.9772
351.9772
361.8667
361.8667
361.8667
361.8667
