7.4243
7.4243
7.4243
7.4243
15.8417
15.8417
15.8417
15.8417
25.9063
25.9063
25.9063
25.9063
35.9937
35.9937
35.9937
35.9937
45.9128
45.9128
45.9128
45.9128
58.7389
58.7389
58.7389
58.7389
67.0587
67.0587
67.0587
67.0587
75.9602
75.9602
75.9602
75.9602
86.2769
86.2769
86.2769
86.2769
96.0694
96.0694
96.0694
96.0694
106.5408
106.5408
106.5408
106.5408
115.8218
115.8218
115.8218
115.8218
126.1285
126.1285
126.1285
126.1285
135.7235
135.7235
135.7235
135.7235
145.8522
145.8522
145.8522
145.8522
155.8691
155.8691
155.8691
155.8691
165.8825
165.8825
165.8825
165.8825
175.8634
175.8634
175.8634
175.8634
186.1731
186.1731
186.1731
186.1731
195.9555
195.9555
195.9555
195.9555
205.7601
205.7601
205.7601
205.7601
215.8599
215.8599
215.8599
215.8599
225.8157
225.8157
225.8157
225.8157
235.7703
235.7703
235.7703
235.7703
245.7775
245.7775
245.7775
245.7775
255.95
255.95
255.95
255.95
265.904
265.904
265.904
265.904
275.9512
275.9512
275.9512
275.9512
286.0267
286.0267
286.0267
286.0267
295.8538
295.8538
295.8538
295.8538
305.8782
305.8782
305.8782
305.8782
315.8954
315.8954
315.8954
315.8954
325.9623
325.9623
325.9623
325.9623
335.8179
335.8179
335.8179
335.8179
345.8785
345.8785
345.8785
345.8785
355.9893
355.9893
355.9893
355.9893
365.8331
365.8331
365.8331
365.8331
