6.6361
6.6361
6.6361
6.6361
15.8161
15.8161
15.8161
15.8161
25.9236
25.9236
25.9236
25.9236
35.8271
35.8271
35.8271
35.8271
45.7553
45.7553
45.7553
45.7553
55.8118
55.8118
55.8118
55.8118
65.8273
65.8273
65.8273
65.8273
75.8263
75.8263
75.8263
75.8263
85.815
85.815
85.815
85.815
95.8881
95.8881
95.8881
95.8881
105.6426
105.6426
105.6426
105.6426
115.8689
115.8689
115.8689
115.8689
125.8728
125.8728
125.8728
125.8728
135.8785
135.8785
135.8785
135.8785
145.9425
145.9425
145.9425
145.9425
155.8778
155.8778
155.8778
155.8778
165.7666
165.7666
165.7666
165.7666
175.7342
175.7342
175.7342
175.7342
185.8025
185.8025
185.8025
185.8025
195.6751
195.6751
195.6751
195.6751
205.7347
205.7347
205.7347
205.7347
215.7032
215.7032
215.7032
215.7032
225.9172
225.9172
225.9172
225.9172
235.8016
235.8016
235.8016
235.8016
245.7598
245.7598
245.7598
245.7598
255.8139
255.8139
255.8139
255.8139
265.7179
265.7179
265.7179
265.7179
275.735
275.735
275.735
275.735
285.6858
285.6858
285.6858
285.6858
295.8857
295.8857
295.8857
295.8857
305.7858
305.7858
305.7858
305.7858
315.8294
315.8294
315.8294
315.8294
325.6498
325.6498
325.6498
325.6498
335.8678
335.8678
335.8678
335.8678
345.7973
345.7973
345.7973
345.7973
355.7507
355.7507
355.7507
355.7507
365.8881
365.8881
365.8881
365.8881
