2.3391
2.3391
2.3391
2.3391
11.7967
11.7967
11.7967
11.7967
21.8441
21.8441
21.8441
21.8441
31.9963
31.9963
31.9963
31.9963
41.8523
41.8523
41.8523
41.8523
51.8492
51.8492
51.8492
51.8492
61.9279
61.9279
61.9279
61.9279
71.8154
71.8154
71.8154
71.8154
81.8312
81.8312
81.8312
81.8312
91.8777
91.8777
91.8777
91.8777
101.7781
101.7781
101.7781
101.7781
111.9156
111.9156
111.9156
111.9156
121.9131
121.9131
121.9131
121.9131
131.8312
131.8312
131.8312
131.8312
141.9054
141.9054
141.9054
141.9054
151.9476
151.9476
151.9476
151.9476
161.8357
161.8357
161.8357
161.8357
171.8797
171.8797
171.8797
171.8797
181.8756
181.8756
181.8756
181.8756
191.8032
191.8032
191.8032
191.8032
201.8846
201.8846
201.8846
201.8846
211.8572
211.8572
211.8572
211.8572
221.9234
221.9234
221.9234
221.9234
231.8906
231.8906
231.8906
231.8906
241.8063
241.8063
241.8063
241.8063
251.9337
251.9337
251.9337
251.9337
261.8842
261.8842
261.8842
261.8842
271.9502
271.9502
271.9502
271.9502
281.8273
281.8273
281.8273
281.8273
291.9709
291.9709
291.9709
291.9709
301.8404
301.8404
301.8404
301.8404
311.8865
311.8865
311.8865
311.8865
321.7881
321.7881
321.7881
321.7881
331.8539
331.8539
331.8539
331.8539
341.8677
341.8677
341.8677
341.8677
351.8722
351.8722
351.8722
351.8722
361.9175
361.9175
361.9175
361.9175
