7.4335
7.4335
7.4335
7.4335
15.894
15.894
15.894
15.894
25.7221
25.7221
25.7221
25.7221
35.6982
35.6982
35.6982
35.6982
45.7369
45.7369
45.7369
45.7369
55.5735
55.5735
55.5735
55.5735
65.8682
65.8682
65.8682
65.8682
75.7128
75.7128
75.7128
75.7128
85.9175
85.9175
85.9175
85.9175
95.7021
95.7021
95.7021
95.7021
105.7208
105.7208
105.7208
105.7208
115.7924
115.7924
115.7924
115.7924
125.6477
125.6477
125.6477
125.6477
135.6407
135.6407
135.6407
135.6407
145.685
145.685
145.685
145.685
155.7205
155.7205
155.7205
155.7205
165.6053
165.6053
165.6053
165.6053
175.8081
175.8081
175.8081
175.8081
185.7228
185.7228
185.7228
185.7228
195.6394
195.6394
195.6394
195.6394
205.8932
205.8932
205.8932
205.8932
215.8706
215.8706
215.8706
215.8706
225.8396
225.8396
225.8396
225.8396
235.6527
235.6527
235.6527
235.6527
245.8067
245.8067
245.8067
245.8067
255.7396
255.7396
255.7396
255.7396
265.8994
265.8994
265.8994
265.8994
275.5469
275.5469
275.5469
275.5469
285.7783
285.7783
285.7783
285.7783
296.1035
296.1035
296.1035
296.1035
305.9249
305.9249
305.9249
305.9249
315.7374
315.7374
315.7374
315.7374
326.0201
326.0201
326.0201
326.0201
335.6459
335.6459
335.6459
335.6459
345.882
345.882
345.882
345.882
355.8728
355.8728
355.8728
355.8728
365.7758
365.7758
365.7758
365.7758
