3.1738
3.1738
3.1738
3.1738
12.0498
12.0498
12.0498
12.0498
21.9423
21.9423
21.9423
21.9423
31.9007
31.9007
31.9007
31.9007
41.8654
41.8654
41.8654
41.8654
51.776
51.776
51.776
51.776
61.8823
61.8823
61.8823
61.8823
71.8703
71.8703
71.8703
71.8703
81.9461
81.9461
81.9461
81.9461
91.7761
91.7761
91.7761
91.7761
101.7734
101.7734
101.7734
101.7734
111.8371
111.8371
111.8371
111.8371
121.8127
121.8127
121.8127
121.8127
131.8487
131.8487
131.8487
131.8487
141.7806
141.7806
141.7806
141.7806
151.8689
151.8689
151.8689
151.8689
161.8199
161.8199
161.8199
161.8199
171.9197
171.9197
171.9197
171.9197
181.9351
181.9351
181.9351
181.9351
191.8391
191.8391
191.8391
191.8391
201.8881
201.8881
201.8881
201.8881
211.9802
211.9802
211.9802
211.9802
221.9052
221.9052
221.9052
221.9052
231.8719
231.8719
231.8719
231.8719
241.8829
241.8829
241.8829
241.8829
251.8547
251.8547
251.8547
251.8547
261.8301
261.8301
261.8301
261.8301
271.7864
271.7864
271.7864
271.7864
281.8958
281.8958
281.8958
281.8958
292.1444
292.1444
292.1444
292.1444
302.021
302.021
302.021
302.021
311.7954
311.7954
311.7954
311.7954
321.9586
321.9586
321.9586
321.9586
331.7879
331.7879
331.7879
331.7879
341.9511
341.9511
341.9511
341.9511
351.9511
351.9511
351.9511
351.9511
361.8771
361.8771
361.8771
361.8771
