2.1533
2.1533
2.1533
2.1533
12.3332
12.3332
12.3332
12.3332
22.501
22.501
22.501
22.501
32.5246
32.5246
32.5246
32.5246
42.4858
42.4858
42.4858
42.4858
52.5693
52.5693
52.5693
52.5693
62.5071
62.5071
62.5071
62.5071
72.5119
72.5119
72.5119
72.5119
82.5624
82.5624
82.5624
82.5624
92.5433
92.5433
92.5433
92.5433
102.5275
102.5275
102.5275
102.5275
112.5152
112.5152
112.5152
112.5152
122.4763
122.4763
122.4763
122.4763
132.5479
132.5479
132.5479
132.5479
142.5522
142.5522
142.5522
142.5522
152.5672
152.5672
152.5672
152.5672
162.5643
162.5643
162.5643
162.5643
172.5648
172.5648
172.5648
172.5648
182.5804
182.5804
182.5804
182.5804
192.5334
192.5334
192.5334
192.5334
202.5787
202.5787
202.5787
202.5787
212.4882
212.4882
212.4882
212.4882
222.6015
222.6015
222.6015
222.6015
232.538
232.538
232.538
232.538
242.508
242.508
242.508
242.508
252.5256
252.5256
252.5256
252.5256
262.5507
262.5507
262.5507
262.5507
272.5342
272.5342
272.5342
272.5342
282.5099
282.5099
282.5099
282.5099
292.5402
292.5402
292.5402
292.5402
302.5413
302.5413
302.5413
302.5413
312.489
312.489
312.489
312.489
322.5103
322.5103
322.5103
322.5103
333.0958
333.0958
333.0958
333.0958
342.4965
342.4965
342.4965
342.4965
352.4911
352.4911
352.4911
352.4911
362.5628
362.5628
362.5628
362.5628
