6.9455
6.9455
6.9455
6.9455
16.9951
16.9951
16.9951
16.9951
26.8529
26.8529
26.8529
26.8529
36.8572
36.8572
36.8572
36.8572
47.0044
47.0044
47.0044
47.0044
56.9269
56.9269
56.9269
56.9269
66.9098
66.9098
66.9098
66.9098
77.0287
77.0287
77.0287
77.0287
87.0487
87.0487
87.0487
87.0487
97.0709
97.0709
97.0709
97.0709
107.0509
107.0509
107.0509
107.0509
116.9084
116.9084
116.9084
116.9084
126.9609
126.9609
126.9609
126.9609
137.2325
137.2325
137.2325
137.2325
147.0583
147.0583
147.0583
147.0583
157.0902
157.0902
157.0902
157.0902
167.1462
167.1462
167.1462
167.1462
177.0588
177.0588
177.0588
177.0588
187.1042
187.1042
187.1042
187.1042
197.0823
197.0823
197.0823
197.0823
207.0627
207.0627
207.0627
207.0627
216.9466
216.9466
216.9466
216.9466
227.0261
227.0261
227.0261
227.0261
236.958
236.958
236.958
236.958
246.9452
246.9452
246.9452
246.9452
257.013
257.013
257.013
257.013
266.9439
266.9439
266.9439
266.9439
277.0176
277.0176
277.0176
277.0176
287.0943
287.0943
287.0943
287.0943
297.0243
297.0243
297.0243
297.0243
306.9171
306.9171
306.9171
306.9171
316.8867
316.8867
316.8867
316.8867
326.9881
326.9881
326.9881
326.9881
337.5482
337.5482
337.5482
337.5482
347.0152
347.0152
347.0152
347.0152
356.9703
356.9703
356.9703
356.9703
367.0739
367.0739
367.0739
367.0739
