2.5146
2.5146
2.5146
2.5146
12.258
12.258
12.258
12.258
21.9019
21.9019
21.9019
21.9019
31.9467
31.9467
31.9467
31.9467
42.0819
42.0819
42.0819
42.0819
53.2282
53.2282
53.2282
53.2282
62.4348
62.4348
62.4348
62.4348
72.0848
72.0848
72.0848
72.0848
82.0498
82.0498
82.0498
82.0498
92.0425
92.0425
92.0425
92.0425
102.0047
102.0047
102.0047
102.0047
112.1905
112.1905
112.1905
112.1905
122.1549
122.1549
122.1549
122.1549
131.9673
131.9673
131.9673
131.9673
142.042
142.042
142.042
142.042
152.0673
152.0673
152.0673
152.0673
161.8688
161.8688
161.8688
161.8688
171.891
171.891
171.891
171.891
181.8411
181.8411
181.8411
181.8411
191.9449
191.9449
191.9449
191.9449
201.9575
201.9575
201.9575
201.9575
211.8607
211.8607
211.8607
211.8607
221.9186
221.9186
221.9186
221.9186
231.8571
231.8571
231.8571
231.8571
241.8936
241.8936
241.8936
241.8936
252.0162
252.0162
252.0162
252.0162
261.843
261.843
261.843
261.843
271.9675
271.9675
271.9675
271.9675
282.0013
282.0013
282.0013
282.0013
292.0161
292.0161
292.0161
292.0161
301.9882
301.9882
301.9882
301.9882
312.0066
312.0066
312.0066
312.0066
321.9599
321.9599
321.9599
321.9599
331.9983
331.9983
331.9983
331.9983
342.0748
342.0748
342.0748
342.0748
352.0034
352.0034
352.0034
352.0034
361.9933
361.9933
361.9933
361.9933
