6.7297
6.7297
6.7297
6.7297
16.2934
16.2934
16.2934
16.2934
25.9091
25.9091
25.9091
25.9091
35.9234
35.9234
35.9234
35.9234
46.0778
46.0778
46.0778
46.0778
57.5576
57.5576
57.5576
57.5576
66.6821
66.6821
66.6821
66.6821
76.0245
76.0245
76.0245
76.0245
86.0545
86.0545
86.0545
86.0545
96.3326
96.3326
96.3326
96.3326
106.1918
106.1918
106.1918
106.1918
116.3612
116.3612
116.3612
116.3612
126.2934
126.2934
126.2934
126.2934
136.0729
136.0729
136.0729
136.0729
146.1452
146.1452
146.1452
146.1452
156.3125
156.3125
156.3125
156.3125
166.0279
166.0279
166.0279
166.0279
176.0877
176.0877
176.0877
176.0877
185.9414
185.9414
185.9414
185.9414
195.9638
195.9638
195.9638
195.9638
206.0131
206.0131
206.0131
206.0131
215.9437
215.9437
215.9437
215.9437
226.0365
226.0365
226.0365
226.0365
235.9028
235.9028
235.9028
235.9028
246.0908
246.0908
246.0908
246.0908
256.007
256.007
256.007
256.007
265.8468
265.8468
265.8468
265.8468
275.9222
275.9222
275.9222
275.9222
286.1851
286.1851
286.1851
286.1851
296.1473
296.1473
296.1473
296.1473
306.024
306.024
306.024
306.024
315.9401
315.9401
315.9401
315.9401
325.9465
325.9465
325.9465
325.9465
336.1582
336.1582
336.1582
336.1582
346.2508
346.2508
346.2508
346.2508
356.0109
356.0109
356.0109
356.0109
366.0546
366.0546
366.0546
366.0546
