2.8328
2.8328
2.8328
2.8328
12.2356
12.2356
12.2356
12.2356
21.9874
21.9874
21.9874
21.9874
32.0987
32.0987
32.0987
32.0987
41.974
41.974
41.974
41.974
52.1347
52.1347
52.1347
52.1347
62.1034
62.1034
62.1034
62.1034
72.0952
72.0952
72.0952
72.0952
81.9833
81.9833
81.9833
81.9833
92.0784
92.0784
92.0784
92.0784
102.143
102.143
102.143
102.143
112.13
112.13
112.13
112.13
122.0575
122.0575
122.0575
122.0575
132.0451
132.0451
132.0451
132.0451
142.1251
142.1251
142.1251
142.1251
152.0047
152.0047
152.0047
152.0047
162.0786
162.0786
162.0786
162.0786
172.1417
172.1417
172.1417
172.1417
182.1047
182.1047
182.1047
182.1047
192.0982
192.0982
192.0982
192.0982
202.1491
202.1491
202.1491
202.1491
212.1569
212.1569
212.1569
212.1569
222.0249
222.0249
222.0249
222.0249
232.1686
232.1686
232.1686
232.1686
242.1463
242.1463
242.1463
242.1463
252.1567
252.1567
252.1567
252.1567
262.1205
262.1205
262.1205
262.1205
271.9719
271.9719
271.9719
271.9719
282.0491
282.0491
282.0491
282.0491
291.9807
291.9807
291.9807
291.9807
301.9792
301.9792
301.9792
301.9792
312.0081
312.0081
312.0081
312.0081
322.1118
322.1118
322.1118
322.1118
332.0648
332.0648
332.0648
332.0648
342.0362
342.0362
342.0362
342.0362
352.0509
352.0509
352.0509
352.0509
362.0595
362.0595
362.0595
362.0595
