7.8431
7.8431
7.8431
7.8431
16.2226
16.2226
16.2226
16.2226
26.1037
26.1037
26.1037
26.1037
36.11
36.11
36.11
36.11
45.9526
45.9526
45.9526
45.9526
56.3616
56.3616
56.3616
56.3616
66.1307
66.1307
66.1307
66.1307
76.1064
76.1064
76.1064
76.1064
86.0512
86.0512
86.0512
86.0512
96.2138
96.2138
96.2138
96.2138
106.1813
106.1813
106.1813
106.1813
116.1223
116.1223
116.1223
116.1223
126.2447
126.2447
126.2447
126.2447
136.0835
136.0835
136.0835
136.0835
146.1539
146.1539
146.1539
146.1539
155.9898
155.9898
155.9898
155.9898
166.2087
166.2087
166.2087
166.2087
176.2723
176.2723
176.2723
176.2723
186.2124
186.2124
186.2124
186.2124
196.1403
196.1403
196.1403
196.1403
206.1847
206.1847
206.1847
206.1847
216.2677
216.2677
216.2677
216.2677
226.0886
226.0886
226.0886
226.0886
236.1878
236.1878
236.1878
236.1878
246.3131
246.3131
246.3131
246.3131
256.3327
256.3327
256.3327
256.3327
266.3007
266.3007
266.3007
266.3007
275.9689
275.9689
275.9689
275.9689
286.1999
286.1999
286.1999
286.1999
295.9716
295.9716
295.9716
295.9716
305.9922
305.9922
305.9922
305.9922
316.0197
316.0197
316.0197
316.0197
326.1389
326.1389
326.1389
326.1389
336.0829
336.0829
336.0829
336.0829
346.1887
346.1887
346.1887
346.1887
356.1189
356.1189
356.1189
356.1189
366.0955
366.0955
366.0955
366.0955
