7.5711
7.5711
7.5711
7.5711
15.9895
15.9895
15.9895
15.9895
25.9128
25.9128
25.9128
25.9128
36.0048
36.0048
36.0048
36.0048
46.4901
46.4901
46.4901
46.4901
56.684
56.684
56.684
56.684
66.4646
66.4646
66.4646
66.4646
76.1661
76.1661
76.1661
76.1661
86.321
86.321
86.321
86.321
96.046
96.046
96.046
96.046
105.9983
105.9983
105.9983
105.9983
116.1763
116.1763
116.1763
116.1763
125.9326
125.9326
125.9326
125.9326
135.7641
135.7641
135.7641
135.7641
145.8099
145.8099
145.8099
145.8099
155.9386
155.9386
155.9386
155.9386
165.9525
165.9525
165.9525
165.9525
175.9974
175.9974
175.9974
175.9974
186.0627
186.0627
186.0627
186.0627
195.8151
195.8151
195.8151
195.8151
205.8907
205.8907
205.8907
205.8907
216.0524
216.0524
216.0524
216.0524
226.146
226.146
226.146
226.146
235.932
235.932
235.932
235.932
245.7853
245.7853
245.7853
245.7853
256.0632
256.0632
256.0632
256.0632
265.812
265.812
265.812
265.812
275.8902
275.8902
275.8902
275.8902
285.8614
285.8614
285.8614
285.8614
295.9338
295.9338
295.9338
295.9338
305.8366
305.8366
305.8366
305.8366
315.9616
315.9616
315.9616
315.9616
326.0179
326.0179
326.0179
326.0179
336.1676
336.1676
336.1676
336.1676
345.8714
345.8714
345.8714
345.8714
355.9186
355.9186
355.9186
355.9186
365.8704
365.8704
365.8704
365.8704
