2.9998
2.9998
2.9998
2.9998
11.926
11.926
11.926
11.926
21.8842
21.8842
21.8842
21.8842
31.9456
31.9456
31.9456
31.9456
42.2307
42.2307
42.2307
42.2307
52.0447
52.0447
52.0447
52.0447
62.3939
62.3939
62.3939
62.3939
72.1625
72.1625
72.1625
72.1625
82.2232
82.2232
82.2232
82.2232
92.0975
92.0975
92.0975
92.0975
102.0519
102.0519
102.0519
102.0519
112.173
112.173
112.173
112.173
122.0352
122.0352
122.0352
122.0352
131.9886
131.9886
131.9886
131.9886
141.8916
141.8916
141.8916
141.8916
152.0484
152.0484
152.0484
152.0484
162.0443
162.0443
162.0443
162.0443
171.9716
171.9716
171.9716
171.9716
182.1408
182.1408
182.1408
182.1408
192.0434
192.0434
192.0434
192.0434
201.9871
201.9871
201.9871
201.9871
212.0403
212.0403
212.0403
212.0403
222.1546
222.1546
222.1546
222.1546
232.0225
232.0225
232.0225
232.0225
241.8868
241.8868
241.8868
241.8868
252.1026
252.1026
252.1026
252.1026
261.9683
261.9683
261.9683
261.9683
272.0244
272.0244
272.0244
272.0244
281.9745
281.9745
281.9745
281.9745
292.0338
292.0338
292.0338
292.0338
301.935
301.935
301.935
301.935
312.0923
312.0923
312.0923
312.0923
322.0296
322.0296
322.0296
322.0296
332.2919
332.2919
332.2919
332.2919
342.0268
342.0268
342.0268
342.0268
352.0023
352.0023
352.0023
352.0023
361.9951
361.9951
361.9951
361.9951
