11.7508
11.7508
11.7508
11.7508
24.4552
24.4552
24.4552
24.4552
37.0358
37.0358
37.0358
37.0358
49.9253
49.9253
49.9253
49.9253
62.5673
62.5673
62.5673
62.5673
75.2372
75.2372
75.2372
75.2372
88.0653
88.0653
88.0653
88.0653
100.842
100.842
100.842
100.842
113.3255
113.3255
113.3255
113.3255
126.31
126.31
126.31
126.31
138.8641
138.8641
138.8641
138.8641
152.0131
152.0131
152.0131
152.0131
165.1281
165.1281
165.1281
165.1281
178.1349
178.1349
178.1349
178.1349
190.98
190.98
190.98
190.98
203.8414
203.8414
203.8414
203.8414
216.6284
216.6284
216.6284
216.6284
229.3218
229.3218
229.3218
229.3218
241.8797
241.8797
241.8797
241.8797
254.7699
254.7699
254.7699
254.7699
267.386
267.386
267.386
267.386
280.1906
280.1906
280.1906
280.1906
292.9925
292.9925
292.9925
292.9925
305.6377
305.6377
305.6377
305.6377
318.3756
318.3756
318.3756
318.3756
331.1158
331.1158
331.1158
331.1158
343.6561
343.6561
343.6561
343.6561
356.24
356.24
356.24
356.24
368.8714
368.8714
368.8714
368.8714
