3.1543
3.1543
3.1543
3.1543
15.9466
15.9466
15.9466
15.9466
28.6611
28.6611
28.6611
28.6611
41.2013
41.2013
41.2013
41.2013
53.9254
53.9254
53.9254
53.9254
66.6528
66.6528
66.6528
66.6528
79.3049
79.3049
79.3049
79.3049
92.2303
92.2303
92.2303
92.2303
104.9048
104.9048
104.9048
104.9048
117.631
117.631
117.631
117.631
130.4601
130.4601
130.4601
130.4601
143.1314
143.1314
143.1314
143.1314
156.3669
156.3669
156.3669
156.3669
169.3423
169.3423
169.3423
169.3423
182.4206
182.4206
182.4206
182.4206
195.225
195.225
195.225
195.225
208.0286
208.0286
208.0286
208.0286
220.8391
220.8391
220.8391
220.8391
233.5678
233.5678
233.5678
233.5678
246.1516
246.1516
246.1516
246.1516
258.995
258.995
258.995
258.995
271.6423
271.6423
271.6423
271.6423
284.4434
284.4434
284.4434
284.4434
297.1629
297.1629
297.1629
297.1629
309.8662
309.8662
309.8662
309.8662
322.6155
322.6155
322.6155
322.6155
335.3016
335.3016
335.3016
335.3016
347.8899
347.8899
347.8899
347.8899
360.431
360.431
360.431
360.431
