7.5667
7.5667
7.5667
7.5667
20.2072
20.2072
20.2072
20.2072
32.8218
32.8218
32.8218
32.8218
45.5771
45.5771
45.5771
45.5771
58.2739
58.2739
58.2739
58.2739
70.9811
70.9811
70.9811
70.9811
83.753
83.753
83.753
83.753
96.6148
96.6148
96.6148
96.6148
109.1178
109.1178
109.1178
109.1178
122.1096
122.1096
122.1096
122.1096
134.6497
134.6497
134.6497
134.6497
147.6047
147.6047
147.6047
147.6047
160.7568
160.7568
160.7568
160.7568
173.7759
173.7759
173.7759
173.7759
186.7077
186.7077
186.7077
186.7077
199.5299
199.5299
199.5299
199.5299
212.3889
212.3889
212.3889
212.3889
225.0876
225.0876
225.0876
225.0876
237.7887
237.7887
237.7887
237.7887
250.5911
250.5911
250.5911
250.5911
263.2322
263.2322
263.2322
263.2322
275.9554
275.9554
275.9554
275.9554
288.8031
288.8031
288.8031
288.8031
301.4829
301.4829
301.4829
301.4829
314.2762
314.2762
314.2762
314.2762
326.9214
326.9214
326.9214
326.9214
339.4725
339.4725
339.4725
339.4725
352.0228
352.0228
352.0228
352.0228
364.6579
364.6579
364.6579
364.6579
