7.0325
7.0325
7.0325
7.0325
16.5279
16.5279
16.5279
16.5279
26.8108
26.8108
26.8108
26.8108
36.752
36.752
36.752
36.752
46.8364
46.8364
46.8364
46.8364
56.8957
56.8957
56.8957
56.8957
67.215
67.215
67.215
67.215
76.7546
76.7546
76.7546
76.7546
86.6954
86.6954
86.6954
86.6954
96.9391
96.9391
96.9391
96.9391
107.2382
107.2382
107.2382
107.2382
117.0515
117.0515
117.0515
117.0515
126.9833
126.9833
126.9833
126.9833
136.9387
136.9387
136.9387
136.9387
146.9107
146.9107
146.9107
146.9107
156.8743
156.8743
156.8743
156.8743
166.6844
166.6844
166.6844
166.6844
176.5822
176.5822
176.5822
176.5822
186.6623
186.6623
186.6623
186.6623
196.6832
196.6832
196.6832
196.6832
206.6446
206.6446
206.6446
206.6446
216.7124
216.7124
216.7124
216.7124
226.6408
226.6408
226.6408
226.6408
236.7654
236.7654
236.7654
236.7654
246.7722
246.7722
246.7722
246.7722
256.7626
256.7626
256.7626
256.7626
266.8208
266.8208
266.8208
266.8208
276.6285
276.6285
276.6285
276.6285
286.4973
286.4973
286.4973
286.4973
296.5717
296.5717
296.5717
296.5717
306.6336
306.6336
306.6336
306.6336
316.5798
316.5798
316.5798
316.5798
326.5358
326.5358
326.5358
326.5358
336.5527
336.5527
336.5527
336.5527
346.673
346.673
346.673
346.673
356.5606
356.5606
356.5606
356.5606
366.548
366.548
366.548
366.548
