2.5404
2.5404
2.5404
2.5404
12.2714
12.2714
12.2714
12.2714
22.3394
22.3394
22.3394
22.3394
32.3911
32.3911
32.3911
32.3911
42.4308
42.4308
42.4308
42.4308
52.2558
52.2558
52.2558
52.2558
62.6634
62.6634
62.6634
62.6634
72.5484
72.5484
72.5484
72.5484
82.3745
82.3745
82.3745
82.3745
92.442
92.442
92.442
92.442
102.6102
102.6102
102.6102
102.6102
112.4424
112.4424
112.4424
112.4424
122.4255
122.4255
122.4255
122.4255
132.48
132.48
132.48
132.48
142.3703
142.3703
142.3703
142.3703
152.3952
152.3952
152.3952
152.3952
162.4145
162.4145
162.4145
162.4145
172.2582
172.2582
172.2582
172.2582
182.3573
182.3573
182.3573
182.3573
192.2665
192.2665
192.2665
192.2665
202.2471
202.2471
202.2471
202.2471
212.3537
212.3537
212.3537
212.3537
222.325
222.325
222.325
222.325
232.3898
232.3898
232.3898
232.3898
242.3576
242.3576
242.3576
242.3576
252.2812
252.2812
252.2812
252.2812
262.4239
262.4239
262.4239
262.4239
272.2961
272.2961
272.2961
272.2961
282.324
282.324
282.324
282.324
292.3005
292.3005
292.3005
292.3005
302.376
302.376
302.376
302.376
312.3399
312.3399
312.3399
312.3399
322.2752
322.2752
322.2752
322.2752
332.4092
332.4092
332.4092
332.4092
342.3745
342.3745
342.3745
342.3745
352.2956
352.2956
352.2956
352.2956
362.3371
362.3371
362.3371
362.3371
