3.6539
3.6539
3.6539
3.6539
12.1469
12.1469
12.1469
12.1469
22.2106
22.2106
22.2106
22.2106
32.1746
32.1746
32.1746
32.1746
42.2566
42.2566
42.2566
42.2566
52.243
52.243
52.243
52.243
62.2309
62.2309
62.2309
62.2309
72.2027
72.2027
72.2027
72.2027
82.0975
82.0975
82.0975
82.0975
92.2914
92.2914
92.2914
92.2914
102.1643
102.1643
102.1643
102.1643
112.2176
112.2176
112.2176
112.2176
122.2389
122.2389
122.2389
122.2389
132.2589
132.2589
132.2589
132.2589
142.1792
142.1792
142.1792
142.1792
152.1383
152.1383
152.1383
152.1383
162.2023
162.2023
162.2023
162.2023
172.1539
172.1539
172.1539
172.1539
182.2204
182.2204
182.2204
182.2204
192.1863
192.1863
192.1863
192.1863
202.2426
202.2426
202.2426
202.2426
212.1592
212.1592
212.1592
212.1592
222.2906
222.2906
222.2906
222.2906
232.1114
232.1114
232.1114
232.1114
242.2308
242.2308
242.2308
242.2308
252.3614
252.3614
252.3614
252.3614
262.099
262.099
262.099
262.099
272.1658
272.1658
272.1658
272.1658
282.3018
282.3018
282.3018
282.3018
292.3098
292.3098
292.3098
292.3098
302.2262
302.2262
302.2262
302.2262
312.1383
312.1383
312.1383
312.1383
322.1525
322.1525
322.1525
322.1525
332.3698
332.3698
332.3698
332.3698
342.1974
342.1974
342.1974
342.1974
352.1699
352.1699
352.1699
352.1699
362.2335
362.2335
362.2335
362.2335
