7.7245
7.7245
7.7245
7.7245
16.3691
16.3691
16.3691
16.3691
26.2709
26.2709
26.2709
26.2709
36.3963
36.3963
36.3963
36.3963
46.3039
46.3039
46.3039
46.3039
56.3135
56.3135
56.3135
56.3135
66.4757
66.4757
66.4757
66.4757
76.2288
76.2288
76.2288
76.2288
86.1195
86.1195
86.1195
86.1195
96.3158
96.3158
96.3158
96.3158
106.436
106.436
106.436
106.436
116.4166
116.4166
116.4166
116.4166
126.2711
126.2711
126.2711
126.2711
136.4397
136.4397
136.4397
136.4397
146.3077
146.3077
146.3077
146.3077
156.1934
156.1934
156.1934
156.1934
166.4073
166.4073
166.4073
166.4073
176.3103
176.3103
176.3103
176.3103
186.4339
186.4339
186.4339
186.4339
196.3983
196.3983
196.3983
196.3983
206.6059
206.6059
206.6059
206.6059
216.4823
216.4823
216.4823
216.4823
226.678
226.678
226.678
226.678
236.3417
236.3417
236.3417
236.3417
246.448
246.448
246.448
246.448
256.579
256.579
256.579
256.579
266.2863
266.2863
266.2863
266.2863
276.3301
276.3301
276.3301
276.3301
286.6008
286.6008
286.6008
286.6008
296.4658
296.4658
296.4658
296.4658
306.4008
306.4008
306.4008
306.4008
316.3753
316.3753
316.3753
316.3753
326.2974
326.2974
326.2974
326.2974
336.6598
336.6598
336.6598
336.6598
346.5683
346.5683
346.5683
346.5683
356.4375
356.4375
356.4375
356.4375
366.4612
366.4612
366.4612
366.4612
