8.3174
8.3174
8.3174
8.3174
17.0978
17.0978
17.0978
17.0978
26.4545
26.4545
26.4545
26.4545
36.355
36.355
36.355
36.355
46.3451
46.3451
46.3451
46.3451
57.3705
57.3705
57.3705
57.3705
66.6471
66.6471
66.6471
66.6471
76.8821
76.8821
76.8821
76.8821
86.524
86.524
86.524
86.524
96.9668
96.9668
96.9668
96.9668
106.3969
106.3969
106.3969
106.3969
116.4114
116.4114
116.4114
116.4114
126.3653
126.3653
126.3653
126.3653
136.3009
136.3009
136.3009
136.3009
146.3936
146.3936
146.3936
146.3936
156.3409
156.3409
156.3409
156.3409
166.1924
166.1924
166.1924
166.1924
176.4284
176.4284
176.4284
176.4284
186.2724
186.2724
186.2724
186.2724
196.1601
196.1601
196.1601
196.1601
206.2379
206.2379
206.2379
206.2379
216.2002
216.2002
216.2002
216.2002
226.1875
226.1875
226.1875
226.1875
236.121
236.121
236.121
236.121
246.2649
246.2649
246.2649
246.2649
256.2707
256.2707
256.2707
256.2707
266.163
266.163
266.163
266.163
276.4267
276.4267
276.4267
276.4267
285.9888
285.9888
285.9888
285.9888
296.0845
296.0845
296.0845
296.0845
306.0706
306.0706
306.0706
306.0706
316.2155
316.2155
316.2155
316.2155
326.1065
326.1065
326.1065
326.1065
336.1516
336.1516
336.1516
336.1516
346.1309
346.1309
346.1309
346.1309
356.087
356.087
356.087
356.087
365.9924
365.9924
365.9924
365.9924
