3.5112
3.5112
3.5112
3.5112
12.7937
12.7937
12.7937
12.7937
22.2346
22.2346
22.2346
22.2346
32.1662
32.1662
32.1662
32.1662
42.1389
42.1389
42.1389
42.1389
53.2601
53.2601
53.2601
53.2601
62.4101
62.4101
62.4101
62.4101
72.084
72.084
72.084
72.084
82.3135
82.3135
82.3135
82.3135
92.4761
92.4761
92.4761
92.4761
102.2545
102.2545
102.2545
102.2545
112.157
112.157
112.157
112.157
122.209
122.209
122.209
122.209
132.2281
132.2281
132.2281
132.2281
142.2086
142.2086
142.2086
142.2086
152.2333
152.2333
152.2333
152.2333
162.1694
162.1694
162.1694
162.1694
172.1883
172.1883
172.1883
172.1883
182.148
182.148
182.148
182.148
192.1849
192.1849
192.1849
192.1849
202.0967
202.0967
202.0967
202.0967
212.1122
212.1122
212.1122
212.1122
222.1135
222.1135
222.1135
222.1135
232.0484
232.0484
232.0484
232.0484
242.1759
242.1759
242.1759
242.1759
252.1515
252.1515
252.1515
252.1515
262.1441
262.1441
262.1441
262.1441
272.3203
272.3203
272.3203
272.3203
282.0265
282.0265
282.0265
282.0265
292.0521
292.0521
292.0521
292.0521
302.1156
302.1156
302.1156
302.1156
312.1456
312.1456
312.1456
312.1456
322.0713
322.0713
322.0713
322.0713
332.063
332.063
332.063
332.063
342.1432
342.1432
342.1432
342.1432
352.1393
352.1393
352.1393
352.1393
362.0463
362.0463
362.0463
362.0463
