2.4123
2.4123
2.4123
2.4123
12.0805
12.0805
12.0805
12.0805
22.1334
22.1334
22.1334
22.1334
32.0108
32.0108
32.0108
32.0108
42.4231
42.4231
42.4231
42.4231
52.0571
52.0571
52.0571
52.0571
62.0781
62.0781
62.0781
62.0781
72.1068
72.1068
72.1068
72.1068
82.1249
82.1249
82.1249
82.1249
92.0793
92.0793
92.0793
92.0793
102.3262
102.3262
102.3262
102.3262
112.0453
112.0453
112.0453
112.0453
121.9943
121.9943
121.9943
121.9943
132.0969
132.0969
132.0969
132.0969
142.1338
142.1338
142.1338
142.1338
152.0747
152.0747
152.0747
152.0747
162.1599
162.1599
162.1599
162.1599
172.1587
172.1587
172.1587
172.1587
182.0538
182.0538
182.0538
182.0538
192.0675
192.0675
192.0675
192.0675
202.0933
202.0933
202.0933
202.0933
212.0712
212.0712
212.0712
212.0712
222.0673
222.0673
222.0673
222.0673
232.037
232.037
232.037
232.037
242.1688
242.1688
242.1688
242.1688
252.1355
252.1355
252.1355
252.1355
262.2161
262.2161
262.2161
262.2161
272.0995
272.0995
272.0995
272.0995
282.0688
282.0688
282.0688
282.0688
292.0758
292.0758
292.0758
292.0758
301.9874
301.9874
301.9874
301.9874
312.1447
312.1447
312.1447
312.1447
322.0385
322.0385
322.0385
322.0385
332.1402
332.1402
332.1402
332.1402
342.2035
342.2035
342.2035
342.2035
351.9703
351.9703
351.9703
351.9703
362.1111
362.1111
362.1111
362.1111
