6.7814
6.7814
6.7814
6.7814
16.2184
16.2184
16.2184
16.2184
26.3307
26.3307
26.3307
26.3307
36.2107
36.2107
36.2107
36.2107
46.4906
46.4906
46.4906
46.4906
56.0551
56.0551
56.0551
56.0551
65.9624
65.9624
65.9624
65.9624
76.1569
76.1569
76.1569
76.1569
86.0381
86.0381
86.0381
86.0381
96.1708
96.1708
96.1708
96.1708
106.4207
106.4207
106.4207
106.4207
115.9992
115.9992
115.9992
115.9992
126.0765
126.0765
126.0765
126.0765
136.1132
136.1132
136.1132
136.1132
146.0734
146.0734
146.0734
146.0734
156.0167
156.0167
156.0167
156.0167
166.0282
166.0282
166.0282
166.0282
176.1263
176.1263
176.1263
176.1263
185.9883
185.9883
185.9883
185.9883
195.9525
195.9525
195.9525
195.9525
206.064
206.064
206.064
206.064
216.0299
216.0299
216.0299
216.0299
226.1724
226.1724
226.1724
226.1724
236.0324
236.0324
236.0324
236.0324
246.1246
246.1246
246.1246
246.1246
256.3159
256.3159
256.3159
256.3159
266.3035
266.3035
266.3035
266.3035
276.1119
276.1119
276.1119
276.1119
285.9664
285.9664
285.9664
285.9664
296.0761
296.0761
296.0761
296.0761
305.9921
305.9921
305.9921
305.9921
316.1947
316.1947
316.1947
316.1947
326.0875
326.0875
326.0875
326.0875
336.035
336.035
336.035
336.035
346.2565
346.2565
346.2565
346.2565
355.992
355.992
355.992
355.992
366.2421
366.2421
366.2421
366.2421
