8.0824
8.0824
8.0824
8.0824
16.6322
16.6322
16.6322
16.6322
27.066
27.066
27.066
27.066
36.5906
36.5906
36.5906
36.5906
46.5904
46.5904
46.5904
46.5904
56.9564
56.9564
56.9564
56.9564
66.8743
66.8743
66.8743
66.8743
76.7702
76.7702
76.7702
76.7702
86.885
86.885
86.885
86.885
96.8069
96.8069
96.8069
96.8069
106.7329
106.7329
106.7329
106.7329
116.8247
116.8247
116.8247
116.8247
126.6096
126.6096
126.6096
126.6096
136.9553
136.9553
136.9553
136.9553
146.7917
146.7917
146.7917
146.7917
156.6602
156.6602
156.6602
156.6602
166.7411
166.7411
166.7411
166.7411
176.8677
176.8677
176.8677
176.8677
186.6833
186.6833
186.6833
186.6833
196.7476
196.7476
196.7476
196.7476
206.82
206.82
206.82
206.82
216.6965
216.6965
216.6965
216.6965
226.6723
226.6723
226.6723
226.6723
236.8467
236.8467
236.8467
236.8467
246.8955
246.8955
246.8955
246.8955
257.0712
257.0712
257.0712
257.0712
266.9039
266.9039
266.9039
266.9039
276.7118
276.7118
276.7118
276.7118
286.7355
286.7355
286.7355
286.7355
296.7267
296.7267
296.7267
296.7267
306.7471
306.7471
306.7471
306.7471
316.9027
316.9027
316.9027
316.9027
326.6829
326.6829
326.6829
326.6829
336.81
336.81
336.81
336.81
346.8148
346.8148
346.8148
346.8148
356.8347
356.8347
356.8347
356.8347
366.8423
366.8423
366.8423
366.8423
