2.3478
2.3478
2.3478
2.3478
12.305
12.305
12.305
12.305
22.5989
22.5989
22.5989
22.5989
32.2971
32.2971
32.2971
32.2971
42.2522
42.2522
42.2522
42.2522
52.5563
52.5563
52.5563
52.5563
62.3802
62.3802
62.3802
62.3802
72.4112
72.4112
72.4112
72.4112
82.4163
82.4163
82.4163
82.4163
92.4641
92.4641
92.4641
92.4641
102.3251
102.3251
102.3251
102.3251
112.3835
112.3835
112.3835
112.3835
122.2708
122.2708
122.2708
122.2708
132.4803
132.4803
132.4803
132.4803
142.4164
142.4164
142.4164
142.4164
152.2883
152.2883
152.2883
152.2883
162.3733
162.3733
162.3733
162.3733
172.4356
172.4356
172.4356
172.4356
182.3402
182.3402
182.3402
182.3402
192.3484
192.3484
192.3484
192.3484
202.4178
202.4178
202.4178
202.4178
212.3439
212.3439
212.3439
212.3439
222.3076
222.3076
222.3076
222.3076
232.344
232.344
232.344
232.344
242.4195
242.4195
242.4195
242.4195
252.468
252.468
252.468
252.468
262.3993
262.3993
262.3993
262.3993
272.2316
272.2316
272.2316
272.2316
282.3358
282.3358
282.3358
282.3358
292.3218
292.3218
292.3218
292.3218
302.3888
302.3888
302.3888
302.3888
312.4952
312.4952
312.4952
312.4952
322.3775
322.3775
322.3775
322.3775
332.4178
332.4178
332.4178
332.4178
342.4501
342.4501
342.4501
342.4501
352.427
352.427
352.427
352.427
362.4219
362.4219
362.4219
362.4219
