6.8773
6.8773
6.8773
6.8773
16.5447
16.5447
16.5447
16.5447
26.3135
26.3135
26.3135
26.3135
36.2515
36.2515
36.2515
36.2515
46.0986
46.0986
46.0986
46.0986
57.1434
57.1434
57.1434
57.1434
67.287
67.287
67.287
67.287
76.7626
76.7626
76.7626
76.7626
86.5405
86.5405
86.5405
86.5405
96.4716
96.4716
96.4716
96.4716
106.6095
106.6095
106.6095
106.6095
116.3381
116.3381
116.3381
116.3381
126.5236
126.5236
126.5236
126.5236
136.7817
136.7817
136.7817
136.7817
146.1061
146.1061
146.1061
146.1061
156.2742
156.2742
156.2742
156.2742
165.9921
165.9921
165.9921
165.9921
175.908
175.908
175.908
175.908
185.8565
185.8565
185.8565
185.8565
196.1868
196.1868
196.1868
196.1868
205.9727
205.9727
205.9727
205.9727
216.0226
216.0226
216.0226
216.0226
226.1275
226.1275
226.1275
226.1275
236.0297
236.0297
236.0297
236.0297
246.0145
246.0145
246.0145
246.0145
256.0812
256.0812
256.0812
256.0812
266.0947
266.0947
266.0947
266.0947
276.0272
276.0272
276.0272
276.0272
285.9533
285.9533
285.9533
285.9533
296.1455
296.1455
296.1455
296.1455
306.564
306.564
306.564
306.564
316.0798
316.0798
316.0798
316.0798
326.1169
326.1169
326.1169
326.1169
335.9798
335.9798
335.9798
335.9798
346.1928
346.1928
346.1928
346.1928
356.1025
356.1025
356.1025
356.1025
366.0433
366.0433
366.0433
366.0433
