2.827
2.827
2.827
2.827
12.2145
12.2145
12.2145
12.2145
22.0107
22.0107
22.0107
22.0107
32.1251
32.1251
32.1251
32.1251
42.0911
42.0911
42.0911
42.0911
52.7283
52.7283
52.7283
52.7283
63.0457
63.0457
63.0457
63.0457
72.4716
72.4716
72.4716
72.4716
82.3137
82.3137
82.3137
82.3137
92.2244
92.2244
92.2244
92.2244
102.3577
102.3577
102.3577
102.3577
112.2178
112.2178
112.2178
112.2178
122.1466
122.1466
122.1466
122.1466
132.1606
132.1606
132.1606
132.1606
142.0225
142.0225
142.0225
142.0225
152.2225
152.2225
152.2225
152.2225
161.9934
161.9934
161.9934
161.9934
171.9729
171.9729
171.9729
171.9729
181.9693
181.9693
181.9693
181.9693
192.0091
192.0091
192.0091
192.0091
202.0058
202.0058
202.0058
202.0058
211.9723
211.9723
211.9723
211.9723
222.125
222.125
222.125
222.125
231.9893
231.9893
231.9893
231.9893
242.0872
242.0872
242.0872
242.0872
252.1867
252.1867
252.1867
252.1867
262.0597
262.0597
262.0597
262.0597
272.1134
272.1134
272.1134
272.1134
281.9434
281.9434
281.9434
281.9434
292.0335
292.0335
292.0335
292.0335
302.1575
302.1575
302.1575
302.1575
311.9926
311.9926
311.9926
311.9926
322.1167
322.1167
322.1167
322.1167
332.104
332.104
332.104
332.104
342.0803
342.0803
342.0803
342.0803
352.1426
352.1426
352.1426
352.1426
362.036
362.036
362.036
362.036
