6.9931
6.9931
6.9931
6.9931
16.2304
16.2304
16.2304
16.2304
26.1426
26.1426
26.1426
26.1426
36.2098
36.2098
36.2098
36.2098
46.2404
46.2404
46.2404
46.2404
56.9051
56.9051
56.9051
56.9051
66.6888
66.6888
66.6888
66.6888
76.2806
76.2806
76.2806
76.2806
86.4114
86.4114
86.4114
86.4114
96.5868
96.5868
96.5868
96.5868
106.4573
106.4573
106.4573
106.4573
116.844
116.844
116.844
116.844
126.4203
126.4203
126.4203
126.4203
136.2472
136.2472
136.2472
136.2472
146.223
146.223
146.223
146.223
156.3318
156.3318
156.3318
156.3318
166.188
166.188
166.188
166.188
176.1794
176.1794
176.1794
176.1794
186.1474
186.1474
186.1474
186.1474
196.151
196.151
196.151
196.151
206.2849
206.2849
206.2849
206.2849
216.3069
216.3069
216.3069
216.3069
226.0138
226.0138
226.0138
226.0138
236.138
236.138
236.138
236.138
245.9936
245.9936
245.9936
245.9936
256.208
256.208
256.208
256.208
266.2826
266.2826
266.2826
266.2826
276.1426
276.1426
276.1426
276.1426
286.0173
286.0173
286.0173
286.0173
296.1488
296.1488
296.1488
296.1488
306.1706
306.1706
306.1706
306.1706
316.0111
316.0111
316.0111
316.0111
326.0384
326.0384
326.0384
326.0384
336.1378
336.1378
336.1378
336.1378
346.3448
346.3448
346.3448
346.3448
356.2886
356.2886
356.2886
356.2886
366.1029
366.1029
366.1029
366.1029
