2.5044
2.5044
2.5044
2.5044
12.1362
12.1362
12.1362
12.1362
22.0436
22.0436
22.0436
22.0436
32.2222
32.2222
32.2222
32.2222
42.0603
42.0603
42.0603
42.0603
52.4478
52.4478
52.4478
52.4478
62.5172
62.5172
62.5172
62.5172
72.0531
72.0531
72.0531
72.0531
82.2651
82.2651
82.2651
82.2651
92.2526
92.2526
92.2526
92.2526
102.308
102.308
102.308
102.308
112.6097
112.6097
112.6097
112.6097
122.2518
122.2518
122.2518
122.2518
132.1715
132.1715
132.1715
132.1715
142.1094
142.1094
142.1094
142.1094
152.2226
152.2226
152.2226
152.2226
162.1832
162.1832
162.1832
162.1832
172.0467
172.0467
172.0467
172.0467
182.1673
182.1673
182.1673
182.1673
192.027
192.027
192.027
192.027
202.1348
202.1348
202.1348
202.1348
212.1982
212.1982
212.1982
212.1982
222.0582
222.0582
222.0582
222.0582
232.1551
232.1551
232.1551
232.1551
242.0188
242.0188
242.0188
242.0188
252.028
252.028
252.028
252.028
262.2108
262.2108
262.2108
262.2108
272.0666
272.0666
272.0666
272.0666
282.0595
282.0595
282.0595
282.0595
292.0946
292.0946
292.0946
292.0946
302.0269
302.0269
302.0269
302.0269
312.0368
312.0368
312.0368
312.0368
322.0663
322.0663
322.0663
322.0663
332.0743
332.0743
332.0743
332.0743
342.2004
342.2004
342.2004
342.2004
352.1574
352.1574
352.1574
352.1574
362.0977
362.0977
362.0977
362.0977
