6.5586
6.5586
6.5586
6.5586
16.3601
16.3601
16.3601
16.3601
26.3115
26.3115
26.3115
26.3115
36.2006
36.2006
36.2006
36.2006
46.5212
46.5212
46.5212
46.5212
56.499
56.499
56.499
56.499
66.5911
66.5911
66.5911
66.5911
76.4413
76.4413
76.4413
76.4413
86.3279
86.3279
86.3279
86.3279
96.2552
96.2552
96.2552
96.2552
106.545
106.545
106.545
106.545
116.5702
116.5702
116.5702
116.5702
126.3599
126.3599
126.3599
126.3599
136.3718
136.3718
136.3718
136.3718
146.3433
146.3433
146.3433
146.3433
156.2294
156.2294
156.2294
156.2294
166.459
166.459
166.459
166.459
176.1524
176.1524
176.1524
176.1524
186.2748
186.2748
186.2748
186.2748
196.1785
196.1785
196.1785
196.1785
206.3828
206.3828
206.3828
206.3828
216.2464
216.2464
216.2464
216.2464
226.1728
226.1728
226.1728
226.1728
236.2576
236.2576
236.2576
236.2576
246.6522
246.6522
246.6522
246.6522
256.2656
256.2656
256.2656
256.2656
266.209
266.209
266.209
266.209
276.2745
276.2745
276.2745
276.2745
286.4378
286.4378
286.4378
286.4378
296.5941
296.5941
296.5941
296.5941
306.2903
306.2903
306.2903
306.2903
316.4023
316.4023
316.4023
316.4023
326.3382
326.3382
326.3382
326.3382
336.4676
336.4676
336.4676
336.4676
346.5131
346.5131
346.5131
346.5131
356.5412
356.5412
356.5412
356.5412
366.5468
366.5468
366.5468
366.5468
