2.358
2.358
2.358
2.358
12.3123
12.3123
12.3123
12.3123
22.2855
22.2855
22.2855
22.2855
32.0774
32.0774
32.0774
32.0774
42.2685
42.2685
42.2685
42.2685
52.2733
52.2733
52.2733
52.2733
62.3321
62.3321
62.3321
62.3321
72.2946
72.2946
72.2946
72.2946
82.2707
82.2707
82.2707
82.2707
92.1961
92.1961
92.1961
92.1961
102.2566
102.2566
102.2566
102.2566
112.328
112.328
112.328
112.328
122.2532
122.2532
122.2532
122.2532
132.2515
132.2515
132.2515
132.2515
142.1022
142.1022
142.1022
142.1022
152.043
152.043
152.043
152.043
162.2623
162.2623
162.2623
162.2623
172.1384
172.1384
172.1384
172.1384
182.2302
182.2302
182.2302
182.2302
192.157
192.157
192.157
192.157
202.059
202.059
202.059
202.059
212.05
212.05
212.05
212.05
222.11
222.11
222.11
222.11
232.0618
232.0618
232.0618
232.0618
242.3658
242.3658
242.3658
242.3658
252.2518
252.2518
252.2518
252.2518
262.0423
262.0423
262.0423
262.0423
272.0416
272.0416
272.0416
272.0416
282.2798
282.2798
282.2798
282.2798
292.217
292.217
292.217
292.217
302.0829
302.0829
302.0829
302.0829
312.2335
312.2335
312.2335
312.2335
322.0491
322.0491
322.0491
322.0491
332.2323
332.2323
332.2323
332.2323
342.2334
342.2334
342.2334
342.2334
352.2898
352.2898
352.2898
352.2898
362.2562
362.2562
362.2562
362.2562
