6.9402
6.9402
6.9402
6.9402
16.5455
16.5455
16.5455
16.5455
26.4585
26.4585
26.4585
26.4585
36.552
36.552
36.552
36.552
46.6563
46.6563
46.6563
46.6563
57.372
57.372
57.372
57.372
67.0384
67.0384
67.0384
67.0384
77.1204
77.1204
77.1204
77.1204
86.844
86.844
86.844
86.844
96.8196
96.8196
96.8196
96.8196
106.6327
106.6327
106.6327
106.6327
116.7006
116.7006
116.7006
116.7006
126.5366
126.5366
126.5366
126.5366
136.3934
136.3934
136.3934
136.3934
146.4995
146.4995
146.4995
146.4995
156.3949
156.3949
156.3949
156.3949
166.3632
166.3632
166.3632
166.3632
176.4513
176.4513
176.4513
176.4513
186.3202
186.3202
186.3202
186.3202
196.3141
196.3141
196.3141
196.3141
206.9437
206.9437
206.9437
206.9437
216.7157
216.7157
216.7157
216.7157
226.2584
226.2584
226.2584
226.2584
236.4112
236.4112
236.4112
236.4112
246.5026
246.5026
246.5026
246.5026
256.6339
256.6339
256.6339
256.6339
266.3714
266.3714
266.3714
266.3714
276.4024
276.4024
276.4024
276.4024
286.3353
286.3353
286.3353
286.3353
296.4037
296.4037
296.4037
296.4037
306.3897
306.3897
306.3897
306.3897
316.4905
316.4905
316.4905
316.4905
326.4854
326.4854
326.4854
326.4854
336.3626
336.3626
336.3626
336.3626
346.3852
346.3852
346.3852
346.3852
356.4486
356.4486
356.4486
356.4486
366.3526
366.3526
366.3526
366.3526
