2.3821
2.3821
2.3821
2.3821
12.221
12.221
12.221
12.221
22.1325
22.1325
22.1325
22.1325
32.3179
32.3179
32.3179
32.3179
42.2792
42.2792
42.2792
42.2792
52.5478
52.5478
52.5478
52.5478
62.3171
62.3171
62.3171
62.3171
72.4643
72.4643
72.4643
72.4643
82.5042
82.5042
82.5042
82.5042
92.4151
92.4151
92.4151
92.4151
102.3497
102.3497
102.3497
102.3497
112.3556
112.3556
112.3556
112.3556
122.3717
122.3717
122.3717
122.3717
132.1627
132.1627
132.1627
132.1627
142.2831
142.2831
142.2831
142.2831
152.2202
152.2202
152.2202
152.2202
162.1896
162.1896
162.1896
162.1896
172.2271
172.2271
172.2271
172.2271
182.1818
182.1818
182.1818
182.1818
192.1471
192.1471
192.1471
192.1471
202.6021
202.6021
202.6021
202.6021
212.427
212.427
212.427
212.427
222.1217
222.1217
222.1217
222.1217
232.2499
232.2499
232.2499
232.2499
242.1915
242.1915
242.1915
242.1915
252.3785
252.3785
252.3785
252.3785
262.1228
262.1228
262.1228
262.1228
272.1903
272.1903
272.1903
272.1903
282.2292
282.2292
282.2292
282.2292
292.1822
292.1822
292.1822
292.1822
302.3143
302.3143
302.3143
302.3143
312.2974
312.2974
312.2974
312.2974
322.2466
322.2466
322.2466
322.2466
332.3112
332.3112
332.3112
332.3112
342.3136
342.3136
342.3136
342.3136
352.2881
352.2881
352.2881
352.2881
362.1606
362.1606
362.1606
362.1606
