2.2505
2.2505
2.2505
2.2505
11.8301
11.8301
11.8301
11.8301
21.8926
21.8926
21.8926
21.8926
31.8829
31.8829
31.8829
31.8829
41.8882
41.8882
41.8882
41.8882
51.7747
51.7747
51.7747
51.7747
61.7089
61.7089
61.7089
61.7089
71.7817
71.7817
71.7817
71.7817
81.8768
81.8768
81.8768
81.8768
91.8233
91.8233
91.8233
91.8233
101.9177
101.9177
101.9177
101.9177
111.8267
111.8267
111.8267
111.8267
121.7895
121.7895
121.7895
121.7895
131.7243
131.7243
131.7243
131.7243
141.8202
141.8202
141.8202
141.8202
151.8407
151.8407
151.8407
151.8407
161.8931
161.8931
161.8931
161.8931
171.7951
171.7951
171.7951
171.7951
181.7359
181.7359
181.7359
181.7359
191.8429
191.8429
191.8429
191.8429
201.8435
201.8435
201.8435
201.8435
211.744
211.744
211.744
211.744
221.7394
221.7394
221.7394
221.7394
231.9213
231.9213
231.9213
231.9213
241.8379
241.8379
241.8379
241.8379
251.7148
251.7148
251.7148
251.7148
261.7616
261.7616
261.7616
261.7616
271.7883
271.7883
271.7883
271.7883
281.8669
281.8669
281.8669
281.8669
291.8348
291.8348
291.8348
291.8348
301.7571
301.7571
301.7571
301.7571
311.7599
311.7599
311.7599
311.7599
321.7776
321.7776
321.7776
321.7776
331.8265
331.8265
331.8265
331.8265
341.842
341.842
341.842
341.842
351.8741
351.8741
351.8741
351.8741
361.8388
361.8388
361.8388
361.8388
