2.7706
2.7706
2.7706
2.7706
12.2853
12.2853
12.2853
12.2853
22.0683
22.0683
22.0683
22.0683
32.013
32.013
32.013
32.013
41.9394
41.9394
41.9394
41.9394
52.1889
52.1889
52.1889
52.1889
62.2573
62.2573
62.2573
62.2573
72.0285
72.0285
72.0285
72.0285
82.0539
82.0539
82.0539
82.0539
92.0492
92.0492
92.0492
92.0492
101.9557
101.9557
101.9557
101.9557
111.9838
111.9838
111.9838
111.9838
122.0589
122.0589
122.0589
122.0589
131.9931
131.9931
131.9931
131.9931
142.004
142.004
142.004
142.004
151.992
151.992
151.992
151.992
161.9512
161.9512
161.9512
161.9512
171.9475
171.9475
171.9475
171.9475
181.9466
181.9466
181.9466
181.9466
192.0309
192.0309
192.0309
192.0309
202.0095
202.0095
202.0095
202.0095
212.1002
212.1002
212.1002
212.1002
222.0673
222.0673
222.0673
222.0673
232.0842
232.0842
232.0842
232.0842
241.9794
241.9794
241.9794
241.9794
252.0019
252.0019
252.0019
252.0019
262.0032
262.0032
262.0032
262.0032
272.1363
272.1363
272.1363
272.1363
282.038
282.038
282.038
282.038
292.0663
292.0663
292.0663
292.0663
302.0201
302.0201
302.0201
302.0201
312.0922
312.0922
312.0922
312.0922
322.0714
322.0714
322.0714
322.0714
331.9261
331.9261
331.9261
331.9261
341.9376
341.9376
341.9376
341.9376
352.1378
352.1378
352.1378
352.1378
361.9997
361.9997
361.9997
361.9997
