7.1808
7.1808
7.1808
7.1808
16.4513
16.4513
16.4513
16.4513
26.1604
26.1604
26.1604
26.1604
36.1362
36.1362
36.1362
36.1362
46.0326
46.0326
46.0326
46.0326
56.5566
56.5566
56.5566
56.5566
66.2926
66.2926
66.2926
66.2926
76.1763
76.1763
76.1763
76.1763
86.1973
86.1973
86.1973
86.1973
96.2169
96.2169
96.2169
96.2169
106.1336
106.1336
106.1336
106.1336
116.0894
116.0894
116.0894
116.0894
126.2082
126.2082
126.2082
126.2082
136.0692
136.0692
136.0692
136.0692
146.0584
146.0584
146.0584
146.0584
156.1889
156.1889
156.1889
156.1889
166.1288
166.1288
166.1288
166.1288
176.1164
176.1164
176.1164
176.1164
186.276
186.276
186.276
186.276
196.0507
196.0507
196.0507
196.0507
206.286
206.286
206.286
206.286
216.3068
216.3068
216.3068
216.3068
226.1006
226.1006
226.1006
226.1006
236.2911
236.2911
236.2911
236.2911
246.2636
246.2636
246.2636
246.2636
256.4466
256.4466
256.4466
256.4466
266.1363
266.1363
266.1363
266.1363
276.1111
276.1111
276.1111
276.1111
286.1589
286.1589
286.1589
286.1589
296.1981
296.1981
296.1981
296.1981
306.1134
306.1134
306.1134
306.1134
316.2872
316.2872
316.2872
316.2872
326.2589
326.2589
326.2589
326.2589
336.0688
336.0688
336.0688
336.0688
346.0338
346.0338
346.0338
346.0338
356.3709
356.3709
356.3709
356.3709
365.9652
365.9652
365.9652
365.9652
