6.4663
6.4663
6.4663
6.4663
15.653
15.653
15.653
15.653
25.9176
25.9176
25.9176
25.9176
35.8695
35.8695
35.8695
35.8695
45.9413
45.9413
45.9413
45.9413
55.6069
55.6069
55.6069
55.6069
65.62
65.62
65.62
65.62
75.6321
75.6321
75.6321
75.6321
85.7397
85.7397
85.7397
85.7397
95.6146
95.6146
95.6146
95.6146
105.8686
105.8686
105.8686
105.8686
115.7154
115.7154
115.7154
115.7154
125.6934
125.6934
125.6934
125.6934
135.6071
135.6071
135.6071
135.6071
145.7531
145.7531
145.7531
145.7531
155.8557
155.8557
155.8557
155.8557
165.722
165.722
165.722
165.722
175.7528
175.7528
175.7528
175.7528
185.7198
185.7198
185.7198
185.7198
195.7307
195.7307
195.7307
195.7307
205.7868
205.7868
205.7868
205.7868
215.6353
215.6353
215.6353
215.6353
225.6954
225.6954
225.6954
225.6954
235.8704
235.8704
235.8704
235.8704
245.6977
245.6977
245.6977
245.6977
255.7227
255.7227
255.7227
255.7227
265.7574
265.7574
265.7574
265.7574
275.7665
275.7665
275.7665
275.7665
285.7633
285.7633
285.7633
285.7633
295.8263
295.8263
295.8263
295.8263
305.5993
305.5993
305.5993
305.5993
315.7778
315.7778
315.7778
315.7778
325.6859
325.6859
325.6859
325.6859
335.6862
335.6862
335.6862
335.6862
345.7234
345.7234
345.7234
345.7234
355.7456
355.7456
355.7456
355.7456
365.7101
365.7101
365.7101
365.7101
