2.3393
2.3393
2.3393
2.3393
12.2626
12.2626
12.2626
12.2626
22.034
22.034
22.034
22.034
32.0343
32.0343
32.0343
32.0343
41.9346
41.9346
41.9346
41.9346
51.9184
51.9184
51.9184
51.9184
61.91
61.91
61.91
61.91
72.0245
72.0245
72.0245
72.0245
81.9371
81.9371
81.9371
81.9371
92.0144
92.0144
92.0144
92.0144
101.9898
101.9898
101.9898
101.9898
111.9588
111.9588
111.9588
111.9588
122.0439
122.0439
122.0439
122.0439
131.9212
131.9212
131.9212
131.9212
141.9626
141.9626
141.9626
141.9626
152.0538
152.0538
152.0538
152.0538
161.9969
161.9969
161.9969
161.9969
172.0455
172.0455
172.0455
172.0455
182.0131
182.0131
182.0131
182.0131
191.9112
191.9112
191.9112
191.9112
201.9959
201.9959
201.9959
201.9959
212.0444
212.0444
212.0444
212.0444
222.1155
222.1155
222.1155
222.1155
232.0362
232.0362
232.0362
232.0362
241.9671
241.9671
241.9671
241.9671
251.9234
251.9234
251.9234
251.9234
261.9554
261.9554
261.9554
261.9554
272.004
272.004
272.004
272.004
281.9344
281.9344
281.9344
281.9344
292.0072
292.0072
292.0072
292.0072
301.9876
301.9876
301.9876
301.9876
312.1189
312.1189
312.1189
312.1189
321.9076
321.9076
321.9076
321.9076
331.9578
331.9578
331.9578
331.9578
341.9338
341.9338
341.9338
341.9338
351.9305
351.9305
351.9305
351.9305
362.0326
362.0326
362.0326
362.0326
