2.8283
2.8283
2.8283
2.8283
12.101
12.101
12.101
12.101
21.9796
21.9796
21.9796
21.9796
32.143
32.143
32.143
32.143
42.0177
42.0177
42.0177
42.0177
52.4754
52.4754
52.4754
52.4754
62.3082
62.3082
62.3082
62.3082
72.1304
72.1304
72.1304
72.1304
82.8302
82.8302
82.8302
82.8302
92.3071
92.3071
92.3071
92.3071
102.1104
102.1104
102.1104
102.1104
112.106
112.106
112.106
112.106
122.2182
122.2182
122.2182
122.2182
132.0986
132.0986
132.0986
132.0986
142.0934
142.0934
142.0934
142.0934
152.0758
152.0758
152.0758
152.0758
162.0617
162.0617
162.0617
162.0617
172.0948
172.0948
172.0948
172.0948
182.0481
182.0481
182.0481
182.0481
192.0738
192.0738
192.0738
192.0738
201.9413
201.9413
201.9413
201.9413
212.0254
212.0254
212.0254
212.0254
222.1683
222.1683
222.1683
222.1683
231.9782
231.9782
231.9782
231.9782
242.0826
242.0826
242.0826
242.0826
252.093
252.093
252.093
252.093
262.0737
262.0737
262.0737
262.0737
272.0911
272.0911
272.0911
272.0911
282.0738
282.0738
282.0738
282.0738
291.945
291.945
291.945
291.945
301.9618
301.9618
301.9618
301.9618
311.9363
311.9363
311.9363
311.9363
322.0088
322.0088
322.0088
322.0088
331.9325
331.9325
331.9325
331.9325
342.1075
342.1075
342.1075
342.1075
351.9406
351.9406
351.9406
351.9406
361.989
361.989
361.989
361.989
