6.7831
6.7831
6.7831
6.7831
16.5753
16.5753
16.5753
16.5753
26.1252
26.1252
26.1252
26.1252
36.0863
36.0863
36.0863
36.0863
46.1144
46.1144
46.1144
46.1144
56.095
56.095
56.095
56.095
66.1149
66.1149
66.1149
66.1149
76.2146
76.2146
76.2146
76.2146
86.0136
86.0136
86.0136
86.0136
96.1988
96.1988
96.1988
96.1988
106.0563
106.0563
106.0563
106.0563
116.1142
116.1142
116.1142
116.1142
126.2901
126.2901
126.2901
126.2901
136.0608
136.0608
136.0608
136.0608
146.0089
146.0089
146.0089
146.0089
156.1615
156.1615
156.1615
156.1615
166.0934
166.0934
166.0934
166.0934
176.1408
176.1408
176.1408
176.1408
186.0889
186.0889
186.0889
186.0889
196.0927
196.0927
196.0927
196.0927
206.1369
206.1369
206.1369
206.1369
216.1212
216.1212
216.1212
216.1212
226.1797
226.1797
226.1797
226.1797
236.2275
236.2275
236.2275
236.2275
246.1554
246.1554
246.1554
246.1554
256.0467
256.0467
256.0467
256.0467
265.9911
265.9911
265.9911
265.9911
276.1922
276.1922
276.1922
276.1922
286.1757
286.1757
286.1757
286.1757
296.0434
296.0434
296.0434
296.0434
306.0593
306.0593
306.0593
306.0593
316.2996
316.2996
316.2996
316.2996
325.9474
325.9474
325.9474
325.9474
336.0334
336.0334
336.0334
336.0334
345.9183
345.9183
345.9183
345.9183
355.9662
355.9662
355.9662
355.9662
366.158
366.158
366.158
366.158
