7.518
7.518
7.518
7.518
16.3824
16.3824
16.3824
16.3824
26.2055
26.2055
26.2055
26.2055
36.4711
36.4711
36.4711
36.4711
46.1842
46.1842
46.1842
46.1842
57.1422
57.1422
57.1422
57.1422
66.786
66.786
66.786
66.786
76.2755
76.2755
76.2755
76.2755
87.3909
87.3909
87.3909
87.3909
96.4674
96.4674
96.4674
96.4674
106.1025
106.1025
106.1025
106.1025
116.3425
116.3425
116.3425
116.3425
126.4347
126.4347
126.4347
126.4347
136.2747
136.2747
136.2747
136.2747
146.2901
146.2901
146.2901
146.2901
156.2473
156.2473
156.2473
156.2473
166.1907
166.1907
166.1907
166.1907
176.4743
176.4743
176.4743
176.4743
186.2191
186.2191
186.2191
186.2191
196.1736
196.1736
196.1736
196.1736
206.1052
206.1052
206.1052
206.1052
216.1979
216.1979
216.1979
216.1979
226.333
226.333
226.333
226.333
236.2456
236.2456
236.2456
236.2456
246.3059
246.3059
246.3059
246.3059
256.2218
256.2218
256.2218
256.2218
266.2729
266.2729
266.2729
266.2729
276.2446
276.2446
276.2446
276.2446
286.0729
286.0729
286.0729
286.0729
295.9601
295.9601
295.9601
295.9601
306.1001
306.1001
306.1001
306.1001
316.061
316.061
316.061
316.061
325.9767
325.9767
325.9767
325.9767
335.9541
335.9541
335.9541
335.9541
346.1216
346.1216
346.1216
346.1216
355.9392
355.9392
355.9392
355.9392
366.1155
366.1155
366.1155
366.1155
