1.72
1.72
1.72
1.72
12.213
12.213
12.213
12.213
22.0502
22.0502
22.0502
22.0502
32.0374
32.0374
32.0374
32.0374
42.1227
42.1227
42.1227
42.1227
52.1686
52.1686
52.1686
52.1686
62.0933
62.0933
62.0933
62.0933
72.1598
72.1598
72.1598
72.1598
82.2163
82.2163
82.2163
82.2163
92.0294
92.0294
92.0294
92.0294
102.0928
102.0928
102.0928
102.0928
112.12
112.12
112.12
112.12
122.21
122.21
122.21
122.21
132.0276
132.0276
132.0276
132.0276
142.1806
142.1806
142.1806
142.1806
152.0524
152.0524
152.0524
152.0524
162.1812
162.1812
162.1812
162.1812
172.2126
172.2126
172.2126
172.2126
182.1928
182.1928
182.1928
182.1928
192.0974
192.0974
192.0974
192.0974
202.1158
202.1158
202.1158
202.1158
212.8065
212.8065
212.8065
212.8065
222.1266
222.1266
222.1266
222.1266
232.1921
232.1921
232.1921
232.1921
242.1959
242.1959
242.1959
242.1959
252.1757
252.1757
252.1757
252.1757
262.0996
262.0996
262.0996
262.0996
272.0314
272.0314
272.0314
272.0314
282.0908
282.0908
282.0908
282.0908
292.1357
292.1357
292.1357
292.1357
302.2039
302.2039
302.2039
302.2039
312.1394
312.1394
312.1394
312.1394
322.1677
322.1677
322.1677
322.1677
332.2474
332.2474
332.2474
332.2474
342.1099
342.1099
342.1099
342.1099
352.1299
352.1299
352.1299
352.1299
362.0343
362.0343
362.0343
362.0343
