6.7894
6.7894
6.7894
6.7894
15.7795
15.7795
15.7795
15.7795
25.8078
25.8078
25.8078
25.8078
35.9334
35.9334
35.9334
35.9334
46.126
46.126
46.126
46.126
56.1615
56.1615
56.1615
56.1615
65.9471
65.9471
65.9471
65.9471
76.0598
76.0598
76.0598
76.0598
85.8819
85.8819
85.8819
85.8819
95.708
95.708
95.708
95.708
105.8364
105.8364
105.8364
105.8364
115.6868
115.6868
115.6868
115.6868
125.8227
125.8227
125.8227
125.8227
135.8675
135.8675
135.8675
135.8675
145.8512
145.8512
145.8512
145.8512
155.9232
155.9232
155.9232
155.9232
165.7951
165.7951
165.7951
165.7951
175.8946
175.8946
175.8946
175.8946
185.967
185.967
185.967
185.967
195.7827
195.7827
195.7827
195.7827
205.915
205.915
205.915
205.915
215.8458
215.8458
215.8458
215.8458
225.9394
225.9394
225.9394
225.9394
235.8661
235.8661
235.8661
235.8661
245.9268
245.9268
245.9268
245.9268
255.8352
255.8352
255.8352
255.8352
265.8215
265.8215
265.8215
265.8215
275.8106
275.8106
275.8106
275.8106
285.946
285.946
285.946
285.946
295.5939
295.5939
295.5939
295.5939
305.8054
305.8054
305.8054
305.8054
315.9625
315.9625
315.9625
315.9625
325.77
325.77
325.77
325.77
335.7158
335.7158
335.7158
335.7158
345.8669
345.8669
345.8669
345.8669
355.9377
355.9377
355.9377
355.9377
365.7344
365.7344
365.7344
365.7344
