6.0343
6.0343
6.0343
6.0343
16.4211
16.4211
16.4211
16.4211
26.4808
26.4808
26.4808
26.4808
36.3367
36.3367
36.3367
36.3367
46.4377
46.4377
46.4377
46.4377
56.4751
56.4751
56.4751
56.4751
66.2985
66.2985
66.2985
66.2985
76.4695
76.4695
76.4695
76.4695
86.622
86.622
86.622
86.622
96.2743
96.2743
96.2743
96.2743
106.3368
106.3368
106.3368
106.3368
116.4284
116.4284
116.4284
116.4284
126.4871
126.4871
126.4871
126.4871
136.2333
136.2333
136.2333
136.2333
146.3967
146.3967
146.3967
146.3967
156.2898
156.2898
156.2898
156.2898
166.3451
166.3451
166.3451
166.3451
176.5691
176.5691
176.5691
176.5691
187.0696
187.0696
187.0696
187.0696
196.4035
196.4035
196.4035
196.4035
206.4687
206.4687
206.4687
206.4687
217.0713
217.0713
217.0713
217.0713
226.4836
226.4836
226.4836
226.4836
236.5285
236.5285
236.5285
236.5285
246.3701
246.3701
246.3701
246.3701
256.4421
256.4421
256.4421
256.4421
266.5151
266.5151
266.5151
266.5151
276.3624
276.3624
276.3624
276.3624
286.4776
286.4776
286.4776
286.4776
296.4904
296.4904
296.4904
296.4904
306.525
306.525
306.525
306.525
316.3849
316.3849
316.3849
316.3849
326.4707
326.4707
326.4707
326.4707
336.5068
336.5068
336.5068
336.5068
346.3181
346.3181
346.3181
346.3181
356.4712
356.4712
356.4712
356.4712
366.3611
366.3611
366.3611
366.3611
