2.7191
2.7191
2.7191
2.7191
11.8433
11.8433
11.8433
11.8433
21.9089
21.9089
21.9089
21.9089
31.8605
31.8605
31.8605
31.8605
41.8122
41.8122
41.8122
41.8122
52.0806
52.0806
52.0806
52.0806
61.9197
61.9197
61.9197
61.9197
72.0208
72.0208
72.0208
72.0208
81.8652
81.8652
81.8652
81.8652
91.7817
91.7817
91.7817
91.7817
101.7598
101.7598
101.7598
101.7598
111.8019
111.8019
111.8019
111.8019
121.8233
121.8233
121.8233
121.8233
131.848
131.848
131.848
131.848
141.8435
141.8435
141.8435
141.8435
151.9249
151.9249
151.9249
151.9249
161.7919
161.7919
161.7919
161.7919
171.8869
171.8869
171.8869
171.8869
181.9643
181.9643
181.9643
181.9643
191.831
191.831
191.831
191.831
201.909
201.909
201.909
201.909
211.8998
211.8998
211.8998
211.8998
221.8903
221.8903
221.8903
221.8903
231.8618
231.8618
231.8618
231.8618
241.9112
241.9112
241.9112
241.9112
251.8514
251.8514
251.8514
251.8514
261.8624
261.8624
261.8624
261.8624
271.8603
271.8603
271.8603
271.8603
281.8468
281.8468
281.8468
281.8468
291.753
291.753
291.753
291.753
301.7641
301.7641
301.7641
301.7641
311.9338
311.9338
311.9338
311.9338
321.849
321.849
321.849
321.849
331.8572
331.8572
331.8572
331.8572
341.878
341.878
341.878
341.878
351.9332
351.9332
351.9332
351.9332
361.7743
361.7743
361.7743
361.7743
