2.2426
2.2426
2.2426
2.2426
12.2498
12.2498
12.2498
12.2498
22.2056
22.2056
22.2056
22.2056
32.3125
32.3125
32.3125
32.3125
42.2218
42.2218
42.2218
42.2218
52.109
52.109
52.109
52.109
62.2483
62.2483
62.2483
62.2483
72.2167
72.2167
72.2167
72.2167
82.2412
82.2412
82.2412
82.2412
92.1805
92.1805
92.1805
92.1805
102.1655
102.1655
102.1655
102.1655
112.1213
112.1213
112.1213
112.1213
122.2853
122.2853
122.2853
122.2853
132.221
132.221
132.221
132.221
142.2179
142.2179
142.2179
142.2179
152.2117
152.2117
152.2117
152.2117
162.2755
162.2755
162.2755
162.2755
172.1444
172.1444
172.1444
172.1444
182.2086
182.2086
182.2086
182.2086
192.1763
192.1763
192.1763
192.1763
202.1205
202.1205
202.1205
202.1205
212.2227
212.2227
212.2227
212.2227
222.1876
222.1876
222.1876
222.1876
232.2161
232.2161
232.2161
232.2161
242.2642
242.2642
242.2642
242.2642
252.1665
252.1665
252.1665
252.1665
262.147
262.147
262.147
262.147
272.1866
272.1866
272.1866
272.1866
282.1141
282.1141
282.1141
282.1141
292.2309
292.2309
292.2309
292.2309
302.3215
302.3215
302.3215
302.3215
312.1373
312.1373
312.1373
312.1373
322.1829
322.1829
322.1829
322.1829
332.2545
332.2545
332.2545
332.2545
342.2337
342.2337
342.2337
342.2337
352.1077
352.1077
352.1077
352.1077
362.3194
362.3194
362.3194
362.3194
