2.8582
2.8582
2.8582
2.8582
12.271
12.271
12.271
12.271
22.1474
22.1474
22.1474
22.1474
32.1075
32.1075
32.1075
32.1075
42.1104
42.1104
42.1104
42.1104
52.0982
52.0982
52.0982
52.0982
62.2445
62.2445
62.2445
62.2445
72.1966
72.1966
72.1966
72.1966
82.1391
82.1391
82.1391
82.1391
92.1023
92.1023
92.1023
92.1023
102.1509
102.1509
102.1509
102.1509
112.1554
112.1554
112.1554
112.1554
122.0939
122.0939
122.0939
122.0939
132.1247
132.1247
132.1247
132.1247
142.0555
142.0555
142.0555
142.0555
152.1545
152.1545
152.1545
152.1545
162.2818
162.2818
162.2818
162.2818
172.1741
172.1741
172.1741
172.1741
182.0336
182.0336
182.0336
182.0336
192.1528
192.1528
192.1528
192.1528
202.2325
202.2325
202.2325
202.2325
212.109
212.109
212.109
212.109
222.152
222.152
222.152
222.152
231.9962
231.9962
231.9962
231.9962
242.0719
242.0719
242.0719
242.0719
252.1604
252.1604
252.1604
252.1604
262.1159
262.1159
262.1159
262.1159
272.14
272.14
272.14
272.14
282.0794
282.0794
282.0794
282.0794
292.0434
292.0434
292.0434
292.0434
302.1203
302.1203
302.1203
302.1203
312.1793
312.1793
312.1793
312.1793
322.1075
322.1075
322.1075
322.1075
332.129
332.129
332.129
332.129
342.0914
342.0914
342.0914
342.0914
352.0588
352.0588
352.0588
352.0588
362.0825
362.0825
362.0825
362.0825
