6.9382
6.9382
6.9382
6.9382
16.5496
16.5496
16.5496
16.5496
26.5952
26.5952
26.5952
26.5952
36.7088
36.7088
36.7088
36.7088
46.6652
46.6652
46.6652
46.6652
56.5323
56.5323
56.5323
56.5323
66.6291
66.6291
66.6291
66.6291
76.6634
76.6634
76.6634
76.6634
86.5179
86.5179
86.5179
86.5179
96.4564
96.4564
96.4564
96.4564
106.5257
106.5257
106.5257
106.5257
116.5239
116.5239
116.5239
116.5239
126.6891
126.6891
126.6891
126.6891
136.5243
136.5243
136.5243
136.5243
146.5694
146.5694
146.5694
146.5694
156.4936
156.4936
156.4936
156.4936
166.7603
166.7603
166.7603
166.7603
176.5836
176.5836
176.5836
176.5836
186.6001
186.6001
186.6001
186.6001
196.7554
196.7554
196.7554
196.7554
206.6276
206.6276
206.6276
206.6276
216.6314
216.6314
216.6314
216.6314
226.6847
226.6847
226.6847
226.6847
236.5952
236.5952
236.5952
236.5952
246.7203
246.7203
246.7203
246.7203
256.5682
256.5682
256.5682
256.5682
266.6113
266.6113
266.6113
266.6113
276.5729
276.5729
276.5729
276.5729
286.5588
286.5588
286.5588
286.5588
296.7029
296.7029
296.7029
296.7029
306.6991
306.6991
306.6991
306.6991
316.5598
316.5598
316.5598
316.5598
326.5235
326.5235
326.5235
326.5235
336.6775
336.6775
336.6775
336.6775
346.6603
346.6603
346.6603
346.6603
356.49
356.49
356.49
356.49
366.6461
366.6461
366.6461
366.6461
