7.3194
7.3194
7.3194
7.3194
16.5706
16.5706
16.5706
16.5706
26.3434
26.3434
26.3434
26.3434
36.2827
36.2827
36.2827
36.2827
46.5761
46.5761
46.5761
46.5761
56.5615
56.5615
56.5615
56.5615
66.4756
66.4756
66.4756
66.4756
76.5173
76.5173
76.5173
76.5173
86.314
86.314
86.314
86.314
96.3494
96.3494
96.3494
96.3494
106.3692
106.3692
106.3692
106.3692
116.3762
116.3762
116.3762
116.3762
126.4225
126.4225
126.4225
126.4225
136.296
136.296
136.296
136.296
146.3526
146.3526
146.3526
146.3526
156.2822
156.2822
156.2822
156.2822
166.6915
166.6915
166.6915
166.6915
176.2766
176.2766
176.2766
176.2766
186.2367
186.2367
186.2367
186.2367
196.4855
196.4855
196.4855
196.4855
206.4533
206.4533
206.4533
206.4533
216.3557
216.3557
216.3557
216.3557
226.2841
226.2841
226.2841
226.2841
236.1522
236.1522
236.1522
236.1522
246.2933
246.2933
246.2933
246.2933
256.318
256.318
256.318
256.318
266.3365
266.3365
266.3365
266.3365
276.3287
276.3287
276.3287
276.3287
286.2879
286.2879
286.2879
286.2879
296.2885
296.2885
296.2885
296.2885
306.3167
306.3167
306.3167
306.3167
316.3105
316.3105
316.3105
316.3105
326.3118
326.3118
326.3118
326.3118
336.3003
336.3003
336.3003
336.3003
346.2965
346.2965
346.2965
346.2965
356.2814
356.2814
356.2814
356.2814
366.1871
366.1871
366.1871
366.1871
