7.5146
7.5146
7.5146
7.5146
16.751
16.751
16.751
16.751
26.8944
26.8944
26.8944
26.8944
36.524
36.524
36.524
36.524
46.29
46.29
46.29
46.29
56.3612
56.3612
56.3612
56.3612
66.2845
66.2845
66.2845
66.2845
76.3942
76.3942
76.3942
76.3942
86.4626
86.4626
86.4626
86.4626
96.5228
96.5228
96.5228
96.5228
106.3858
106.3858
106.3858
106.3858
116.4461
116.4461
116.4461
116.4461
126.4656
126.4656
126.4656
126.4656
136.0095
136.0095
136.0095
136.0095
146.0238
146.0238
146.0238
146.0238
155.9768
155.9768
155.9768
155.9768
165.9491
165.9491
165.9491
165.9491
175.9663
175.9663
175.9663
175.9663
186.0053
186.0053
186.0053
186.0053
195.9538
195.9538
195.9538
195.9538
205.9189
205.9189
205.9189
205.9189
216.0409
216.0409
216.0409
216.0409
226.0293
226.0293
226.0293
226.0293
236.0168
236.0168
236.0168
236.0168
246.117
246.117
246.117
246.117
255.8846
255.8846
255.8846
255.8846
266.0016
266.0016
266.0016
266.0016
275.9023
275.9023
275.9023
275.9023
286.0709
286.0709
286.0709
286.0709
295.9378
295.9378
295.9378
295.9378
306.3273
306.3273
306.3273
306.3273
315.859
315.859
315.859
315.859
325.6867
325.6867
325.6867
325.6867
336.0708
336.0708
336.0708
336.0708
346.1196
346.1196
346.1196
346.1196
356.0445
356.0445
356.0445
356.0445
366.3165
366.3165
366.3165
366.3165
