2.9196
2.9196
2.9196
2.9196
12.258
12.258
12.258
12.258
22.2588
22.2588
22.2588
22.2588
32.0024
32.0024
32.0024
32.0024
42.1326
42.1326
42.1326
42.1326
52.0916
52.0916
52.0916
52.0916
62.055
62.055
62.055
62.055
72.1508
72.1508
72.1508
72.1508
82.1704
82.1704
82.1704
82.1704
92.309
92.309
92.309
92.309
102.0934
102.0934
102.0934
102.0934
112.2006
112.2006
112.2006
112.2006
122.4357
122.4357
122.4357
122.4357
132.0373
132.0373
132.0373
132.0373
142.0502
142.0502
142.0502
142.0502
151.752
151.752
151.752
151.752
161.786
161.786
161.786
161.786
171.868
171.868
171.868
171.868
181.8851
181.8851
181.8851
181.8851
191.801
191.801
191.801
191.801
201.7172
201.7172
201.7172
201.7172
211.8365
211.8365
211.8365
211.8365
221.8607
221.8607
221.8607
221.8607
231.8293
231.8293
231.8293
231.8293
241.8205
241.8205
241.8205
241.8205
251.8704
251.8704
251.8704
251.8704
261.8207
261.8207
261.8207
261.8207
271.7059
271.7059
271.7059
271.7059
281.9194
281.9194
281.9194
281.9194
291.7512
291.7512
291.7512
291.7512
302.1132
302.1132
302.1132
302.1132
311.8633
311.8633
311.8633
311.8633
321.715
321.715
321.715
321.715
331.8445
331.8445
331.8445
331.8445
341.9373
341.9373
341.9373
341.9373
351.9559
351.9559
351.9559
351.9559
362.0866
362.0866
362.0866
362.0866
