7.0458
7.0458
7.0458
7.0458
20.5264
20.5264
20.5264
20.5264
33.6298
33.6298
33.6298
33.6298
47.0512
47.0512
47.0512
47.0512
59.8815
59.8815
59.8815
59.8815
72.7131
72.7131
72.7131
72.7131
85.509
85.509
85.509
85.509
98.6915
98.6915
98.6915
98.6915
111.3813
111.3813
111.3813
111.3813
124.07
124.07
124.07
124.07
136.7465
136.7465
136.7465
136.7465
149.8133
149.8133
149.8133
149.8133
162.7585
162.7585
162.7585
162.7585
175.6344
175.6344
175.6344
175.6344
188.7604
188.7604
188.7604
188.7604
201.5964
201.5964
201.5964
201.5964
214.489
214.489
214.489
214.489
227.5817
227.5817
227.5817
227.5817
240.5577
240.5577
240.5577
240.5577
253.5094
253.5094
253.5094
253.5094
266.3531
266.3531
266.3531
266.3531
279.4498
279.4498
279.4498
279.4498
292.3197
292.3197
292.3197
292.3197
305.1761
305.1761
305.1761
305.1761
317.8909
317.8909
317.8909
317.8909
330.5528
330.5528
330.5528
330.5528
343.7237
343.7237
343.7237
343.7237
357.1112
357.1112
357.1112
357.1112
