2.204
2.204
2.204
2.204
15.9272
15.9272
15.9272
15.9272
29.1868
29.1868
29.1868
29.1868
42.4299
42.4299
42.4299
42.4299
55.4608
55.4608
55.4608
55.4608
68.3061
68.3061
68.3061
68.3061
81.2255
81.2255
81.2255
81.2255
94.1889
94.1889
94.1889
94.1889
107.2093
107.2093
107.2093
107.2093
119.9829
119.9829
119.9829
119.9829
132.4745
132.4745
132.4745
132.4745
145.3891
145.3891
145.3891
145.3891
158.3217
158.3217
158.3217
158.3217
171.2098
171.2098
171.2098
171.2098
184.334
184.334
184.334
184.334
197.3176
197.3176
197.3176
197.3176
210.0398
210.0398
210.0398
210.0398
223.2998
223.2998
223.2998
223.2998
236.1574
236.1574
236.1574
236.1574
249.1399
249.1399
249.1399
249.1399
261.9621
261.9621
261.9621
261.9621
274.919
274.919
274.919
274.919
287.8687
287.8687
287.8687
287.8687
300.9081
300.9081
300.9081
300.9081
313.7606
313.7606
313.7606
313.7606
326.3951
326.3951
326.3951
326.3951
339.2476
339.2476
339.2476
339.2476
352.7914
352.7914
352.7914
352.7914
