11.48
11.48
11.48
11.48
24.8352
24.8352
24.8352
24.8352
38.0257
38.0257
38.0257
38.0257
51.1854
51.1854
51.1854
51.1854
64.0611
64.0611
64.0611
64.0611
76.9975
76.9975
76.9975
76.9975
89.8066
89.8066
89.8066
89.8066
102.8699
102.8699
102.8699
102.8699
115.7131
115.7131
115.7131
115.7131
128.3699
128.3699
128.3699
128.3699
141.0408
141.0408
141.0408
141.0408
154.0969
154.0969
154.0969
154.0969
166.9457
166.9457
166.9457
166.9457
179.9846
179.9846
179.9846
179.9846
192.9121
192.9121
192.9121
192.9121
205.7283
205.7283
205.7283
205.7283
218.84
218.84
218.84
218.84
231.8206
231.8206
231.8206
231.8206
244.8472
244.8472
244.8472
244.8472
257.7405
257.7405
257.7405
257.7405
270.6145
270.6145
270.6145
270.6145
283.6809
283.6809
283.6809
283.6809
296.4958
296.4958
296.4958
296.4958
309.4574
309.4574
309.4574
309.4574
322.0586
322.0586
322.0586
322.0586
334.8693
334.8693
334.8693
334.8693
348.4189
348.4189
348.4189
348.4189
361.491
361.491
361.491
361.491
