7.1822
7.1822
7.1822
7.1822
19.9955
19.9955
19.9955
19.9955
32.5673
32.5673
32.5673
32.5673
45.1627
45.1627
45.1627
45.1627
57.7286
57.7286
57.7286
57.7286
71.5519
71.5519
71.5519
71.5519
84.6859
84.6859
84.6859
84.6859
98.1066
98.1066
98.1066
98.1066
111.1351
111.1351
111.1351
111.1351
124.5538
124.5538
124.5538
124.5538
137.3552
137.3552
137.3552
137.3552
150.0125
150.0125
150.0125
150.0125
163.069
163.069
163.069
163.069
175.9349
175.9349
175.9349
175.9349
188.9065
188.9065
188.9065
188.9065
201.5843
201.5843
201.5843
201.5843
214.6781
214.6781
214.6781
214.6781
228.0668
228.0668
228.0668
228.0668
241.0775
241.0775
241.0775
241.0775
253.6948
253.6948
253.6948
253.6948
266.0708
266.0708
266.0708
266.0708
278.7081
278.7081
278.7081
278.7081
290.7096
290.7096
290.7096
290.7096
302.8141
302.8141
302.8141
302.8141
315.0901
315.0901
315.0901
315.0901
327.3769
327.3769
327.3769
327.3769
339.8019
339.8019
339.8019
339.8019
351.9864
351.9864
351.9864
351.9864
364.1478
364.1478
364.1478
364.1478
