2.687
2.687
2.687
2.687
15.9004
15.9004
15.9004
15.9004
28.4833
28.4833
28.4833
28.4833
40.9485
40.9485
40.9485
40.9485
53.5282
53.5282
53.5282
53.5282
67.1006
67.1006
67.1006
67.1006
80.4354
80.4354
80.4354
80.4354
93.883
93.883
93.883
93.883
106.4312
106.4312
106.4312
106.4312
119.6436
119.6436
119.6436
119.6436
133.0199
133.0199
133.0199
133.0199
145.7358
145.7358
145.7358
145.7358
158.6228
158.6228
158.6228
158.6228
171.6192
171.6192
171.6192
171.6192
184.5546
184.5546
184.5546
184.5546
197.433
197.433
197.433
197.433
209.9897
209.9897
209.9897
209.9897
223.5352
223.5352
223.5352
223.5352
236.783
236.783
236.783
236.783
249.4139
249.4139
249.4139
249.4139
261.9899
261.9899
261.9899
261.9899
274.3704
274.3704
274.3704
274.3704
286.6326
286.6326
286.6326
286.6326
298.6174
298.6174
298.6174
298.6174
310.9098
310.9098
310.9098
310.9098
323.2336
323.2336
323.2336
323.2336
335.4444
335.4444
335.4444
335.4444
347.7814
347.7814
347.7814
347.7814
360.0259
360.0259
360.0259
360.0259
