11.5139
11.5139
11.5139
11.5139
24.1081
24.1081
24.1081
24.1081
36.6884
36.6884
36.6884
36.6884
49.2163
49.2163
49.2163
49.2163
61.781
61.781
61.781
61.781
75.7935
75.7935
75.7935
75.7935
89.2072
89.2072
89.2072
89.2072
102.256
102.256
102.256
102.256
115.4364
115.4364
115.4364
115.4364
128.6885
128.6885
128.6885
128.6885
141.3774
141.3774
141.3774
141.3774
154.2192
154.2192
154.2192
154.2192
167.2141
167.2141
167.2141
167.2141
180.0721
180.0721
180.0721
180.0721
192.9858
192.9858
192.9858
192.9858
205.7465
205.7465
205.7465
205.7465
218.6699
218.6699
218.6699
218.6699
232.309
232.309
232.309
232.309
245.1107
245.1107
245.1107
245.1107
257.734
257.734
257.734
257.734
270.0544
270.0544
270.0544
270.0544
282.5726
282.5726
282.5726
282.5726
294.5596
294.5596
294.5596
294.5596
306.7613
306.7613
306.7613
306.7613
319.0814
319.0814
319.0814
319.0814
331.2505
331.2505
331.2505
331.2505
343.7289
343.7289
343.7289
343.7289
355.9775
355.9775
355.9775
355.9775
367.9845
367.9845
367.9845
367.9845
