7.9343
7.9343
7.9343
7.9343
16.6622
16.6622
16.6622
16.6622
26.7974
26.7974
26.7974
26.7974
36.7446
36.7446
36.7446
36.7446
46.822
46.822
46.822
46.822
56.8213
56.8213
56.8213
56.8213
66.5974
66.5974
66.5974
66.5974
76.7681
76.7681
76.7681
76.7681
86.7648
86.7648
86.7648
86.7648
96.6408
96.6408
96.6408
96.6408
106.6761
106.6761
106.6761
106.6761
116.6494
116.6494
116.6494
116.6494
126.7753
126.7753
126.7753
126.7753
136.7447
136.7447
136.7447
136.7447
146.9114
146.9114
146.9114
146.9114
156.4881
156.4881
156.4881
156.4881
166.616
166.616
166.616
166.616
176.8122
176.8122
176.8122
176.8122
186.7114
186.7114
186.7114
186.7114
196.777
196.777
196.777
196.777
206.6152
206.6152
206.6152
206.6152
216.775
216.775
216.775
216.775
226.6502
226.6502
226.6502
226.6502
236.8842
236.8842
236.8842
236.8842
246.6406
246.6406
246.6406
246.6406
256.5692
256.5692
256.5692
256.5692
266.7479
266.7479
266.7479
266.7479
276.9183
276.9183
276.9183
276.9183
286.6466
286.6466
286.6466
286.6466
296.7188
296.7188
296.7188
296.7188
306.7703
306.7703
306.7703
306.7703
316.6377
316.6377
316.6377
316.6377
326.9953
326.9953
326.9953
326.9953
336.6999
336.6999
336.6999
336.6999
346.7828
346.7828
346.7828
346.7828
356.8335
356.8335
356.8335
356.8335
366.6781
366.6781
366.6781
366.6781
