3.3793
3.3793
3.3793
3.3793
12.4488
12.4488
12.4488
12.4488
22.4569
22.4569
22.4569
22.4569
32.4768
32.4768
32.4768
32.4768
42.4202
42.4202
42.4202
42.4202
52.4079
52.4079
52.4079
52.4079
62.3482
62.3482
62.3482
62.3482
72.3915
72.3915
72.3915
72.3915
82.4287
82.4287
82.4287
82.4287
92.3889
92.3889
92.3889
92.3889
102.4595
102.4595
102.4595
102.4595
112.4285
112.4285
112.4285
112.4285
122.3841
122.3841
122.3841
122.3841
132.3404
132.3404
132.3404
132.3404
142.5041
142.5041
142.5041
142.5041
152.2641
152.2641
152.2641
152.2641
162.296
162.296
162.296
162.296
172.4909
172.4909
172.4909
172.4909
182.2589
182.2589
182.2589
182.2589
192.4508
192.4508
192.4508
192.4508
202.3549
202.3549
202.3549
202.3549
212.5588
212.5588
212.5588
212.5588
222.2874
222.2874
222.2874
222.2874
232.4756
232.4756
232.4756
232.4756
242.2434
242.2434
242.2434
242.2434
252.238
252.238
252.238
252.238
262.3988
262.3988
262.3988
262.3988
272.4581
272.4581
272.4581
272.4581
282.2656
282.2656
282.2656
282.2656
292.4975
292.4975
292.4975
292.4975
302.3971
302.3971
302.3971
302.3971
312.3889
312.3889
312.3889
312.3889
322.3424
322.3424
322.3424
322.3424
332.3862
332.3862
332.3862
332.3862
342.4957
342.4957
342.4957
342.4957
352.4181
352.4181
352.4181
352.4181
362.3638
362.3638
362.3638
362.3638
