6.9674
6.9674
6.9674
6.9674
16.1213
16.1213
16.1213
16.1213
26.4105
26.4105
26.4105
26.4105
36.4345
36.4345
36.4345
36.4345
46.6056
46.6056
46.6056
46.6056
57.4823
57.4823
57.4823
57.4823
66.9628
66.9628
66.9628
66.9628
76.4398
76.4398
76.4398
76.4398
86.4626
86.4626
86.4626
86.4626
96.2053
96.2053
96.2053
96.2053
106.1498
106.1498
106.1498
106.1498
116.3577
116.3577
116.3577
116.3577
126.2736
126.2736
126.2736
126.2736
136.5023
136.5023
136.5023
136.5023
146.2579
146.2579
146.2579
146.2579
156.2763
156.2763
156.2763
156.2763
166.5659
166.5659
166.5659
166.5659
176.1968
176.1968
176.1968
176.1968
186.3775
186.3775
186.3775
186.3775
196.2121
196.2121
196.2121
196.2121
206.3287
206.3287
206.3287
206.3287
216.4643
216.4643
216.4643
216.4643
226.5198
226.5198
226.5198
226.5198
236.4564
236.4564
236.4564
236.4564
246.1472
246.1472
246.1472
246.1472
256.3526
256.3526
256.3526
256.3526
266.3885
266.3885
266.3885
266.3885
276.2447
276.2447
276.2447
276.2447
286.4312
286.4312
286.4312
286.4312
296.3796
296.3796
296.3796
296.3796
306.6114
306.6114
306.6114
306.6114
316.2828
316.2828
316.2828
316.2828
326.3955
326.3955
326.3955
326.3955
336.1895
336.1895
336.1895
336.1895
346.3995
346.3995
346.3995
346.3995
356.2981
356.2981
356.2981
356.2981
366.0677
366.0677
366.0677
366.0677
