2.6023
2.6023
2.6023
2.6023
12.0425
12.0425
12.0425
12.0425
22.1025
22.1025
22.1025
22.1025
32.4032
32.4032
32.4032
32.4032
42.407
42.407
42.407
42.407
52.9672
52.9672
52.9672
52.9672
62.4754
62.4754
62.4754
62.4754
72.1988
72.1988
72.1988
72.1988
82.2941
82.2941
82.2941
82.2941
92.0764
92.0764
92.0764
92.0764
102.1619
102.1619
102.1619
102.1619
112.215
112.215
112.215
112.215
122.0306
122.0306
122.0306
122.0306
132.2411
132.2411
132.2411
132.2411
142.1617
142.1617
142.1617
142.1617
152.1696
152.1696
152.1696
152.1696
162.2095
162.2095
162.2095
162.2095
172.2207
172.2207
172.2207
172.2207
182.2022
182.2022
182.2022
182.2022
192.1607
192.1607
192.1607
192.1607
202.2497
202.2497
202.2497
202.2497
212.2038
212.2038
212.2038
212.2038
222.2011
222.2011
222.2011
222.2011
232.3332
232.3332
232.3332
232.3332
242.0031
242.0031
242.0031
242.0031
252.2084
252.2084
252.2084
252.2084
262.1605
262.1605
262.1605
262.1605
272.0241
272.0241
272.0241
272.0241
282.1942
282.1942
282.1942
282.1942
292.3198
292.3198
292.3198
292.3198
302.3269
302.3269
302.3269
302.3269
312.0996
312.0996
312.0996
312.0996
322.2205
322.2205
322.2205
322.2205
332.1673
332.1673
332.1673
332.1673
342.2823
342.2823
342.2823
342.2823
352.2795
352.2795
352.2795
352.2795
362.1148
362.1148
362.1148
362.1148
