6.6929
6.6929
6.6929
6.6929
16.1956
16.1956
16.1956
16.1956
25.6516
25.6516
25.6516
25.6516
35.803
35.803
35.803
35.803
46.2916
46.2916
46.2916
46.2916
55.8467
55.8467
55.8467
55.8467
65.9557
65.9557
65.9557
65.9557
76.8814
76.8814
76.8814
76.8814
86.3278
86.3278
86.3278
86.3278
96.2101
96.2101
96.2101
96.2101
106.8434
106.8434
106.8434
106.8434
116.3312
116.3312
116.3312
116.3312
126.0105
126.0105
126.0105
126.0105
135.5967
135.5967
135.5967
135.5967
146.1828
146.1828
146.1828
146.1828
155.9734
155.9734
155.9734
155.9734
165.859
165.859
165.859
165.859
175.96
175.96
175.96
175.96
185.9057
185.9057
185.9057
185.9057
195.7224
195.7224
195.7224
195.7224
207.0664
207.0664
207.0664
207.0664
216.7414
216.7414
216.7414
216.7414
226.066
226.066
226.066
226.066
235.8452
235.8452
235.8452
235.8452
245.8688
245.8688
245.8688
245.8688
256.321
256.321
256.321
256.321
266.4153
266.4153
266.4153
266.4153
275.7152
275.7152
275.7152
275.7152
285.6324
285.6324
285.6324
285.6324
296.103
296.103
296.103
296.103
305.8324
305.8324
305.8324
305.8324
316.1043
316.1043
316.1043
316.1043
325.7443
325.7443
325.7443
325.7443
335.6491
335.6491
335.6491
335.6491
345.8657
345.8657
345.8657
345.8657
356.3745
356.3745
356.3745
356.3745
365.7017
365.7017
365.7017
365.7017
