2.4661
2.4661
2.4661
2.4661
12.1675
12.1675
12.1675
12.1675
21.8598
21.8598
21.8598
21.8598
31.9189
31.9189
31.9189
31.9189
42.0725
42.0725
42.0725
42.0725
51.8469
51.8469
51.8469
51.8469
62.0358
62.0358
62.0358
62.0358
71.9836
71.9836
71.9836
71.9836
81.8615
81.8615
81.8615
81.8615
92.3782
92.3782
92.3782
92.3782
101.9992
101.9992
101.9992
101.9992
112.0638
112.0638
112.0638
112.0638
122.2746
122.2746
122.2746
122.2746
131.856
131.856
131.856
131.856
142.2866
142.2866
142.2866
142.2866
152.0403
152.0403
152.0403
152.0403
161.939
161.939
161.939
161.939
172.1394
172.1394
172.1394
172.1394
181.9353
181.9353
181.9353
181.9353
191.9779
191.9779
191.9779
191.9779
202.4432
202.4432
202.4432
202.4432
212.834
212.834
212.834
212.834
221.9185
221.9185
221.9185
221.9185
231.8385
231.8385
231.8385
231.8385
241.9975
241.9975
241.9975
241.9975
252.11
252.11
252.11
252.11
262.1411
262.1411
262.1411
262.1411
271.8691
271.8691
271.8691
271.8691
281.8246
281.8246
281.8246
281.8246
292.3521
292.3521
292.3521
292.3521
301.9301
301.9301
301.9301
301.9301
312.0446
312.0446
312.0446
312.0446
321.9595
321.9595
321.9595
321.9595
331.8995
331.8995
331.8995
331.8995
341.9133
341.9133
341.9133
341.9133
351.8214
351.8214
351.8214
351.8214
361.949
361.949
361.949
361.949
