2.5168
2.5168
2.5168
2.5168
12.4202
12.4202
12.4202
12.4202
22.4355
22.4355
22.4355
22.4355
32.1616
32.1616
32.1616
32.1616
42.1642
42.1642
42.1642
42.1642
52.5119
52.5119
52.5119
52.5119
62.3495
62.3495
62.3495
62.3495
72.5632
72.5632
72.5632
72.5632
82.3683
82.3683
82.3683
82.3683
92.3133
92.3133
92.3133
92.3133
102.229
102.229
102.229
102.229
112.3435
112.3435
112.3435
112.3435
122.4777
122.4777
122.4777
122.4777
132.395
132.395
132.395
132.395
142.3102
142.3102
142.3102
142.3102
152.3547
152.3547
152.3547
152.3547
162.3993
162.3993
162.3993
162.3993
172.3401
172.3401
172.3401
172.3401
182.4988
182.4988
182.4988
182.4988
192.5232
192.5232
192.5232
192.5232
202.4587
202.4587
202.4587
202.4587
212.3617
212.3617
212.3617
212.3617
222.1633
222.1633
222.1633
222.1633
232.3299
232.3299
232.3299
232.3299
242.1572
242.1572
242.1572
242.1572
252.2375
252.2375
252.2375
252.2375
262.1869
262.1869
262.1869
262.1869
272.3372
272.3372
272.3372
272.3372
282.228
282.228
282.228
282.228
292.1848
292.1848
292.1848
292.1848
302.2089
302.2089
302.2089
302.2089
312.19
312.19
312.19
312.19
322.2282
322.2282
322.2282
322.2282
332.1573
332.1573
332.1573
332.1573
342.2887
342.2887
342.2887
342.2887
352.3325
352.3325
352.3325
352.3325
362.3581
362.3581
362.3581
362.3581
