7.1236
7.1236
7.1236
7.1236
16.8565
16.8565
16.8565
16.8565
26.8441
26.8441
26.8441
26.8441
36.5409
36.5409
36.5409
36.5409
46.6119
46.6119
46.6119
46.6119
57.0161
57.0161
57.0161
57.0161
66.7991
66.7991
66.7991
66.7991
77.3372
77.3372
77.3372
77.3372
86.5587
86.5587
86.5587
86.5587
96.4562
96.4562
96.4562
96.4562
106.3855
106.3855
106.3855
106.3855
116.6542
116.6542
116.6542
116.6542
126.9073
126.9073
126.9073
126.9073
136.6468
136.6468
136.6468
136.6468
146.5702
146.5702
146.5702
146.5702
156.6592
156.6592
156.6592
156.6592
166.7577
166.7577
166.7577
166.7577
176.7185
176.7185
176.7185
176.7185
187.3354
187.3354
187.3354
187.3354
196.681
196.681
196.681
196.681
206.6817
206.6817
206.6817
206.6817
216.6576
216.6576
216.6576
216.6576
226.5948
226.5948
226.5948
226.5948
236.6022
236.6022
236.6022
236.6022
246.3057
246.3057
246.3057
246.3057
256.5106
256.5106
256.5106
256.5106
266.53
266.53
266.53
266.53
276.6333
276.6333
276.6333
276.6333
286.5419
286.5419
286.5419
286.5419
296.3685
296.3685
296.3685
296.3685
306.3533
306.3533
306.3533
306.3533
316.4324
316.4324
316.4324
316.4324
326.4484
326.4484
326.4484
326.4484
336.4294
336.4294
336.4294
336.4294
346.5752
346.5752
346.5752
346.5752
356.6464
356.6464
356.6464
356.6464
366.5319
366.5319
366.5319
366.5319
