2.2814
2.2814
2.2814
2.2814
12.2467
12.2467
12.2467
12.2467
22.2472
22.2472
22.2472
22.2472
32.1717
32.1717
32.1717
32.1717
42.1392
42.1392
42.1392
42.1392
52.0587
52.0587
52.0587
52.0587
62.1434
62.1434
62.1434
62.1434
72.1786
72.1786
72.1786
72.1786
82.2505
82.2505
82.2505
82.2505
92.1985
92.1985
92.1985
92.1985
102.1746
102.1746
102.1746
102.1746
112.1409
112.1409
112.1409
112.1409
122.1981
122.1981
122.1981
122.1981
132.2439
132.2439
132.2439
132.2439
142.2359
142.2359
142.2359
142.2359
152.2297
152.2297
152.2297
152.2297
162.1499
162.1499
162.1499
162.1499
172.1668
172.1668
172.1668
172.1668
182.2329
182.2329
182.2329
182.2329
192.2981
192.2981
192.2981
192.2981
202.0373
202.0373
202.0373
202.0373
212.2653
212.2653
212.2653
212.2653
222.1492
222.1492
222.1492
222.1492
232.1495
232.1495
232.1495
232.1495
242.2919
242.2919
242.2919
242.2919
252.1486
252.1486
252.1486
252.1486
262.1931
262.1931
262.1931
262.1931
272.2547
272.2547
272.2547
272.2547
282.1971
282.1971
282.1971
282.1971
292.1841
292.1841
292.1841
292.1841
302.165
302.165
302.165
302.165
312.1384
312.1384
312.1384
312.1384
322.0892
322.0892
322.0892
322.0892
332.2249
332.2249
332.2249
332.2249
342.0917
342.0917
342.0917
342.0917
352.234
352.234
352.234
352.234
362.2145
362.2145
362.2145
362.2145
