6.7867
6.7867
6.7867
6.7867
16.2827
16.2827
16.2827
16.2827
26.3389
26.3389
26.3389
26.3389
36.3483
36.3483
36.3483
36.3483
46.3241
46.3241
46.3241
46.3241
56.3581
56.3581
56.3581
56.3581
66.4767
66.4767
66.4767
66.4767
76.2279
76.2279
76.2279
76.2279
86.4789
86.4789
86.4789
86.4789
96.5104
96.5104
96.5104
96.5104
106.4266
106.4266
106.4266
106.4266
116.3757
116.3757
116.3757
116.3757
126.3319
126.3319
126.3319
126.3319
136.4873
136.4873
136.4873
136.4873
146.3987
146.3987
146.3987
146.3987
156.3257
156.3257
156.3257
156.3257
166.4447
166.4447
166.4447
166.4447
176.6189
176.6189
176.6189
176.6189
186.3759
186.3759
186.3759
186.3759
196.5668
196.5668
196.5668
196.5668
206.4348
206.4348
206.4348
206.4348
216.5519
216.5519
216.5519
216.5519
226.461
226.461
226.461
226.461
236.3607
236.3607
236.3607
236.3607
246.3873
246.3873
246.3873
246.3873
256.4042
256.4042
256.4042
256.4042
266.4215
266.4215
266.4215
266.4215
276.3648
276.3648
276.3648
276.3648
286.3133
286.3133
286.3133
286.3133
296.3686
296.3686
296.3686
296.3686
306.319
306.319
306.319
306.319
316.3442
316.3442
316.3442
316.3442
326.2763
326.2763
326.2763
326.2763
336.4074
336.4074
336.4074
336.4074
346.2172
346.2172
346.2172
346.2172
356.4771
356.4771
356.4771
356.4771
366.4181
366.4181
366.4181
366.4181
