2.8875
2.8875
2.8875
2.8875
12.6228
12.6228
12.6228
12.6228
22.3317
22.3317
22.3317
22.3317
32.3317
32.3317
32.3317
32.3317
42.3422
42.3422
42.3422
42.3422
52.5354
52.5354
52.5354
52.5354
62.5537
62.5537
62.5537
62.5537
72.291
72.291
72.291
72.291
82.8163
82.8163
82.8163
82.8163
92.8421
92.8421
92.8421
92.8421
102.1687
102.1687
102.1687
102.1687
112.3473
112.3473
112.3473
112.3473
122.2167
122.2167
122.2167
122.2167
132.2135
132.2135
132.2135
132.2135
142.4802
142.4802
142.4802
142.4802
153.3295
153.3295
153.3295
153.3295
162.3533
162.3533
162.3533
162.3533
172.3697
172.3697
172.3697
172.3697
182.217
182.217
182.217
182.217
192.3419
192.3419
192.3419
192.3419
202.3309
202.3309
202.3309
202.3309
212.3114
212.3114
212.3114
212.3114
222.1917
222.1917
222.1917
222.1917
232.3848
232.3848
232.3848
232.3848
242.3735
242.3735
242.3735
242.3735
252.3541
252.3541
252.3541
252.3541
262.2768
262.2768
262.2768
262.2768
272.2443
272.2443
272.2443
272.2443
282.3571
282.3571
282.3571
282.3571
292.1646
292.1646
292.1646
292.1646
302.4378
302.4378
302.4378
302.4378
312.4148
312.4148
312.4148
312.4148
322.3757
322.3757
322.3757
322.3757
332.165
332.165
332.165
332.165
342.1714
342.1714
342.1714
342.1714
352.1637
352.1637
352.1637
352.1637
362.392
362.392
362.392
362.392
