7.5559
7.5559
7.5559
7.5559
17.1676
17.1676
17.1676
17.1676
26.7592
26.7592
26.7592
26.7592
36.835
36.835
36.835
36.835
46.8025
46.8025
46.8025
46.8025
57.1919
57.1919
57.1919
57.1919
67.2594
67.2594
67.2594
67.2594
76.6012
76.6012
76.6012
76.6012
87.1974
87.1974
87.1974
87.1974
97.0644
97.0644
97.0644
97.0644
106.395
106.395
106.395
106.395
116.6977
116.6977
116.6977
116.6977
126.7141
126.7141
126.7141
126.7141
136.8659
136.8659
136.8659
136.8659
146.7925
146.7925
146.7925
146.7925
157.6022
157.6022
157.6022
157.6022
166.4901
166.4901
166.4901
166.4901
176.9135
176.9135
176.9135
176.9135
186.369
186.369
186.369
186.369
196.7181
196.7181
196.7181
196.7181
206.6051
206.6051
206.6051
206.6051
216.5607
216.5607
216.5607
216.5607
226.5006
226.5006
226.5006
226.5006
236.6247
236.6247
236.6247
236.6247
246.6204
246.6204
246.6204
246.6204
256.7118
256.7118
256.7118
256.7118
266.4472
266.4472
266.4472
266.4472
276.4253
276.4253
276.4253
276.4253
286.6081
286.6081
286.6081
286.6081
296.3251
296.3251
296.3251
296.3251
306.6926
306.6926
306.6926
306.6926
316.8168
316.8168
316.8168
316.8168
326.5433
326.5433
326.5433
326.5433
336.4424
336.4424
336.4424
336.4424
346.3164
346.3164
346.3164
346.3164
356.4448
356.4448
356.4448
356.4448
366.7521
366.7521
366.7521
366.7521
