7.2946
7.2946
7.2946
7.2946
15.8935
15.8935
15.8935
15.8935
25.9736
25.9736
25.9736
25.9736
35.9697
35.9697
35.9697
35.9697
46.0268
46.0268
46.0268
46.0268
55.919
55.919
55.919
55.919
66.0369
66.0369
66.0369
66.0369
75.9166
75.9166
75.9166
75.9166
86.1257
86.1257
86.1257
86.1257
96.1312
96.1312
96.1312
96.1312
106.042
106.042
106.042
106.042
116.2
116.2
116.2
116.2
125.9124
125.9124
125.9124
125.9124
135.8611
135.8611
135.8611
135.8611
145.9366
145.9366
145.9366
145.9366
156.0649
156.0649
156.0649
156.0649
165.9089
165.9089
165.9089
165.9089
176.2028
176.2028
176.2028
176.2028
185.804
185.804
185.804
185.804
196.101
196.101
196.101
196.101
205.8367
205.8367
205.8367
205.8367
215.7635
215.7635
215.7635
215.7635
225.9749
225.9749
225.9749
225.9749
235.9162
235.9162
235.9162
235.9162
245.9135
245.9135
245.9135
245.9135
255.9322
255.9322
255.9322
255.9322
265.7195
265.7195
265.7195
265.7195
276.0052
276.0052
276.0052
276.0052
285.8707
285.8707
285.8707
285.8707
295.8264
295.8264
295.8264
295.8264
305.979
305.979
305.979
305.979
315.9079
315.9079
315.9079
315.9079
326.008
326.008
326.008
326.008
335.8114
335.8114
335.8114
335.8114
345.9357
345.9357
345.9357
345.9357
355.8233
355.8233
355.8233
355.8233
365.8351
365.8351
365.8351
365.8351
