2.9855
2.9855
2.9855
2.9855
11.8828
11.8828
11.8828
11.8828
21.9337
21.9337
21.9337
21.9337
31.8496
31.8496
31.8496
31.8496
42.0217
42.0217
42.0217
42.0217
51.8497
51.8497
51.8497
51.8497
61.9395
61.9395
61.9395
61.9395
71.9106
71.9106
71.9106
71.9106
82.0007
82.0007
82.0007
82.0007
91.9297
91.9297
91.9297
91.9297
101.98
101.98
101.98
101.98
112.0752
112.0752
112.0752
112.0752
121.9556
121.9556
121.9556
121.9556
131.8703
131.8703
131.8703
131.8703
142.0105
142.0105
142.0105
142.0105
152.0251
152.0251
152.0251
152.0251
162.0251
162.0251
162.0251
162.0251
172.0482
172.0482
172.0482
172.0482
181.9278
181.9278
181.9278
181.9278
192.1087
192.1087
192.1087
192.1087
201.9366
201.9366
201.9366
201.9366
211.8879
211.8879
211.8879
211.8879
221.9849
221.9849
221.9849
221.9849
232.0096
232.0096
232.0096
232.0096
241.964
241.964
241.964
241.964
251.9688
251.9688
251.9688
251.9688
261.9077
261.9077
261.9077
261.9077
271.9634
271.9634
271.9634
271.9634
281.8828
281.8828
281.8828
281.8828
291.9315
291.9315
291.9315
291.9315
301.983
301.983
301.983
301.983
312.0448
312.0448
312.0448
312.0448
322.0943
322.0943
322.0943
322.0943
331.9328
331.9328
331.9328
331.9328
341.9944
341.9944
341.9944
341.9944
351.8424
351.8424
351.8424
351.8424
361.9909
361.9909
361.9909
361.9909
