2.8963
2.8963
2.8963
2.8963
12.3269
12.3269
12.3269
12.3269
22.0204
22.0204
22.0204
22.0204
32.0967
32.0967
32.0967
32.0967
41.9974
41.9974
41.9974
41.9974
52.1525
52.1525
52.1525
52.1525
63.064
63.064
63.064
63.064
72.3358
72.3358
72.3358
72.3358
82.3456
82.3456
82.3456
82.3456
92.357
92.357
92.357
92.357
102.2087
102.2087
102.2087
102.2087
112.3135
112.3135
112.3135
112.3135
122.2811
122.2811
122.2811
122.2811
132.3941
132.3941
132.3941
132.3941
142.2411
142.2411
142.2411
142.2411
152.199
152.199
152.199
152.199
162.2101
162.2101
162.2101
162.2101
172.2386
172.2386
172.2386
172.2386
182.1051
182.1051
182.1051
182.1051
192.1849
192.1849
192.1849
192.1849
202.0916
202.0916
202.0916
202.0916
212.2869
212.2869
212.2869
212.2869
222.4835
222.4835
222.4835
222.4835
232.3794
232.3794
232.3794
232.3794
241.9793
241.9793
241.9793
241.9793
252.0082
252.0082
252.0082
252.0082
262.068
262.068
262.068
262.068
272.0739
272.0739
272.0739
272.0739
282.1655
282.1655
282.1655
282.1655
292.2647
292.2647
292.2647
292.2647
302.1603
302.1603
302.1603
302.1603
312.4135
312.4135
312.4135
312.4135
322.0663
322.0663
322.0663
322.0663
332.0211
332.0211
332.0211
332.0211
342.2019
342.2019
342.2019
342.2019
352.0779
352.0779
352.0779
352.0779
362.0772
362.0772
362.0772
362.0772
