7.4492
7.4492
7.4492
7.4492
16.5775
16.5775
16.5775
16.5775
26.2361
26.2361
26.2361
26.2361
36.3202
36.3202
36.3202
36.3202
46.1403
46.1403
46.1403
46.1403
58.3531
58.3531
58.3531
58.3531
67.4535
67.4535
67.4535
67.4535
76.714
76.714
76.714
76.714
86.7805
86.7805
86.7805
86.7805
96.7261
96.7261
96.7261
96.7261
106.4253
106.4253
106.4253
106.4253
116.6654
116.6654
116.6654
116.6654
126.6482
126.6482
126.6482
126.6482
136.5872
136.5872
136.5872
136.5872
146.4678
146.4678
146.4678
146.4678
156.654
156.654
156.654
156.654
166.5313
166.5313
166.5313
166.5313
176.6091
176.6091
176.6091
176.6091
186.28
186.28
186.28
186.28
196.4842
196.4842
196.4842
196.4842
206.2488
206.2488
206.2488
206.2488
216.3875
216.3875
216.3875
216.3875
226.5819
226.5819
226.5819
226.5819
236.4644
236.4644
236.4644
236.4644
246.1365
246.1365
246.1365
246.1365
256.0556
256.0556
256.0556
256.0556
266.1236
266.1236
266.1236
266.1236
276.0348
276.0348
276.0348
276.0348
286.2548
286.2548
286.2548
286.2548
296.231
296.231
296.231
296.231
306.4513
306.4513
306.4513
306.4513
316.4532
316.4532
316.4532
316.4532
326.1678
326.1678
326.1678
326.1678
336.1415
336.1415
336.1415
336.1415
346.4516
346.4516
346.4516
346.4516
356.226
356.226
356.226
356.226
366.2447
366.2447
366.2447
366.2447
