2.3213
2.3213
2.3213
2.3213
12.3088
12.3088
12.3088
12.3088
22.2934
22.2934
22.2934
22.2934
32.2434
32.2434
32.2434
32.2434
42.2888
42.2888
42.2888
42.2888
52.2705
52.2705
52.2705
52.2705
62.2533
62.2533
62.2533
62.2533
72.1844
72.1844
72.1844
72.1844
82.2269
82.2269
82.2269
82.2269
92.3105
92.3105
92.3105
92.3105
102.1613
102.1613
102.1613
102.1613
112.2288
112.2288
112.2288
112.2288
122.0886
122.0886
122.0886
122.0886
132.2325
132.2325
132.2325
132.2325
142.206
142.206
142.206
142.206
152.0831
152.0831
152.0831
152.0831
162.2006
162.2006
162.2006
162.2006
172.2327
172.2327
172.2327
172.2327
182.1917
182.1917
182.1917
182.1917
192.0796
192.0796
192.0796
192.0796
202.3112
202.3112
202.3112
202.3112
212.104
212.104
212.104
212.104
222.1724
222.1724
222.1724
222.1724
232.1829
232.1829
232.1829
232.1829
242.0719
242.0719
242.0719
242.0719
252.1791
252.1791
252.1791
252.1791
262.1244
262.1244
262.1244
262.1244
272.1801
272.1801
272.1801
272.1801
282.2135
282.2135
282.2135
282.2135
292.3007
292.3007
292.3007
292.3007
302.2774
302.2774
302.2774
302.2774
312.0516
312.0516
312.0516
312.0516
322.2394
322.2394
322.2394
322.2394
332.1396
332.1396
332.1396
332.1396
342.1889
342.1889
342.1889
342.1889
352.2422
352.2422
352.2422
352.2422
362.2086
362.2086
362.2086
362.2086
