6.8127
6.8127
6.8127
6.8127
16.7346
16.7346
16.7346
16.7346
26.5053
26.5053
26.5053
26.5053
36.6283
36.6283
36.6283
36.6283
46.6643
46.6643
46.6643
46.6643
56.647
56.647
56.647
56.647
66.7976
66.7976
66.7976
66.7976
76.4764
76.4764
76.4764
76.4764
86.6283
86.6283
86.6283
86.6283
96.694
96.694
96.694
96.694
106.3921
106.3921
106.3921
106.3921
116.5743
116.5743
116.5743
116.5743
126.3837
126.3837
126.3837
126.3837
136.576
136.576
136.576
136.576
146.5967
146.5967
146.5967
146.5967
156.5247
156.5247
156.5247
156.5247
166.4133
166.4133
166.4133
166.4133
176.4956
176.4956
176.4956
176.4956
186.5526
186.5526
186.5526
186.5526
196.5035
196.5035
196.5035
196.5035
206.6559
206.6559
206.6559
206.6559
216.4087
216.4087
216.4087
216.4087
226.5226
226.5226
226.5226
226.5226
236.484
236.484
236.484
236.484
246.3525
246.3525
246.3525
246.3525
256.5322
256.5322
256.5322
256.5322
266.2748
266.2748
266.2748
266.2748
276.4476
276.4476
276.4476
276.4476
286.6116
286.6116
286.6116
286.6116
296.5397
296.5397
296.5397
296.5397
306.4292
306.4292
306.4292
306.4292
316.4456
316.4456
316.4456
316.4456
326.5712
326.5712
326.5712
326.5712
336.3853
336.3853
336.3853
336.3853
346.5174
346.5174
346.5174
346.5174
356.5311
356.5311
356.5311
356.5311
366.5746
366.5746
366.5746
366.5746
