7.0849
7.0849
7.0849
7.0849
16.3767
16.3767
16.3767
16.3767
25.9742
25.9742
25.9742
25.9742
35.9219
35.9219
35.9219
35.9219
46.9325
46.9325
46.9325
46.9325
56.5593
56.5593
56.5593
56.5593
66.2498
66.2498
66.2498
66.2498
75.9809
75.9809
75.9809
75.9809
85.9377
85.9377
85.9377
85.9377
96.2264
96.2264
96.2264
96.2264
106.2758
106.2758
106.2758
106.2758
116.2003
116.2003
116.2003
116.2003
126.1723
126.1723
126.1723
126.1723
136.026
136.026
136.026
136.026
146.2455
146.2455
146.2455
146.2455
156.0219
156.0219
156.0219
156.0219
165.9205
165.9205
165.9205
165.9205
176.208
176.208
176.208
176.208
186.3649
186.3649
186.3649
186.3649
195.9519
195.9519
195.9519
195.9519
205.9869
205.9869
205.9869
205.9869
215.865
215.865
215.865
215.865
225.9775
225.9775
225.9775
225.9775
235.9623
235.9623
235.9623
235.9623
245.9087
245.9087
245.9087
245.9087
255.9178
255.9178
255.9178
255.9178
266.0561
266.0561
266.0561
266.0561
275.936
275.936
275.936
275.936
285.6953
285.6953
285.6953
285.6953
295.9409
295.9409
295.9409
295.9409
305.8263
305.8263
305.8263
305.8263
315.7868
315.7868
315.7868
315.7868
325.8504
325.8504
325.8504
325.8504
335.9121
335.9121
335.9121
335.9121
345.8698
345.8698
345.8698
345.8698
355.7933
355.7933
355.7933
355.7933
365.983
365.983
365.983
365.983
