2.7418
2.7418
2.7418
2.7418
12.2229
12.2229
12.2229
12.2229
21.9744
21.9744
21.9744
21.9744
32.0125
32.0125
32.0125
32.0125
41.8644
41.8644
41.8644
41.8644
52.1503
52.1503
52.1503
52.1503
62.1146
62.1146
62.1146
62.1146
72.0225
72.0225
72.0225
72.0225
81.9036
81.9036
81.9036
81.9036
92.0179
92.0179
92.0179
92.0179
102.0784
102.0784
102.0784
102.0784
112.0287
112.0287
112.0287
112.0287
122.0727
122.0727
122.0727
122.0727
131.9196
131.9196
131.9196
131.9196
141.9883
141.9883
141.9883
141.9883
151.9586
151.9586
151.9586
151.9586
161.8285
161.8285
161.8285
161.8285
172.2288
172.2288
172.2288
172.2288
181.9558
181.9558
181.9558
181.9558
191.963
191.963
191.963
191.963
201.9972
201.9972
201.9972
201.9972
211.8288
211.8288
211.8288
211.8288
221.9475
221.9475
221.9475
221.9475
231.9163
231.9163
231.9163
231.9163
241.9443
241.9443
241.9443
241.9443
251.9398
251.9398
251.9398
251.9398
261.9349
261.9349
261.9349
261.9349
271.8917
271.8917
271.8917
271.8917
281.8217
281.8217
281.8217
281.8217
291.9226
291.9226
291.9226
291.9226
301.8445
301.8445
301.8445
301.8445
311.8228
311.8228
311.8228
311.8228
321.854
321.854
321.854
321.854
331.9155
331.9155
331.9155
331.9155
341.9952
341.9952
341.9952
341.9952
351.8943
351.8943
351.8943
351.8943
361.9544
361.9544
361.9544
361.9544
