2.1498
2.1498
2.1498
2.1498
12.7496
12.7496
12.7496
12.7496
23.2541
23.2541
23.2541
23.2541
33.8374
33.8374
33.8374
33.8374
44.5385
44.5385
44.5385
44.5385
54.9918
54.9918
54.9918
54.9918
65.6544
65.6544
65.6544
65.6544
77.0162
77.0162
77.0162
77.0162
87.8291
87.8291
87.8291
87.8291
99.0547
99.0547
99.0547
99.0547
109.7111
109.7111
109.7111
109.7111
120.1295
120.1295
120.1295
120.1295
130.7126
130.7126
130.7126
130.7126
141.0043
141.0043
141.0043
141.0043
151.2489
151.2489
151.2489
151.2489
161.6678
161.6678
161.6678
161.6678
171.8886
171.8886
171.8886
171.8886
182.0087
182.0087
182.0087
182.0087
192.2358
192.2358
192.2358
192.2358
202.62
202.62
202.62
202.62
213.0128
213.0128
213.0128
213.0128
223.3035
223.3035
223.3035
223.3035
233.6352
233.6352
233.6352
233.6352
243.8639
243.8639
243.8639
243.8639
254.2675
254.2675
254.2675
254.2675
264.3988
264.3988
264.3988
264.3988
274.8108
274.8108
274.8108
274.8108
285.0785
285.0785
285.0785
285.0785
295.3153
295.3153
295.3153
295.3153
305.5431
305.5431
305.5431
305.5431
315.8354
315.8354
315.8354
315.8354
326.0957
326.0957
326.0957
326.0957
336.3993
336.3993
336.3993
336.3993
346.6823
346.6823
346.6823
346.6823
356.8839
356.8839
356.8839
356.8839
