9.0704
9.0704
9.0704
9.0704
19.6066
19.6066
19.6066
19.6066
30.0824
30.0824
30.0824
30.0824
40.89
40.89
40.89
40.89
51.3703
51.3703
51.3703
51.3703
61.7375
61.7375
61.7375
61.7375
73.1023
73.1023
73.1023
73.1023
83.9642
83.9642
83.9642
83.9642
94.8013
94.8013
94.8013
94.8013
105.8823
105.8823
105.8823
105.8823
116.4166
116.4166
116.4166
116.4166
127.0686
127.0686
127.0686
127.0686
137.4207
137.4207
137.4207
137.4207
147.6479
147.6479
147.6479
147.6479
157.9927
157.9927
157.9927
157.9927
168.3165
168.3165
168.3165
168.3165
178.4398
178.4398
178.4398
178.4398
188.7116
188.7116
188.7116
188.7116
198.8644
198.8644
198.8644
198.8644
209.3924
209.3924
209.3924
209.3924
219.7718
219.7718
219.7718
219.7718
230.0488
230.0488
230.0488
230.0488
240.304
240.304
240.304
240.304
250.592
250.592
250.592
250.592
260.8549
260.8549
260.8549
260.8549
271.0924
271.0924
271.0924
271.0924
281.5157
281.5157
281.5157
281.5157
291.7509
291.7509
291.7509
291.7509
301.9593
301.9593
301.9593
301.9593
312.2634
312.2634
312.2634
312.2634
322.5146
322.5146
322.5146
322.5146
332.8064
332.8064
332.8064
332.8064
343.1191
343.1191
343.1191
343.1191
353.303
353.303
353.303
353.303
363.5186
363.5186
363.5186
363.5186
