5.5913
5.5913
5.5913
5.5913
16.1704
16.1704
16.1704
16.1704
26.6061
26.6061
26.6061
26.6061
37.3265
37.3265
37.3265
37.3265
47.7859
47.7859
47.7859
47.7859
58.4025
58.4025
58.4025
58.4025
69.4848
69.4848
69.4848
69.4848
80.5973
80.5973
80.5973
80.5973
91.3304
91.3304
91.3304
91.3304
102.3613
102.3613
102.3613
102.3613
113.0845
113.0845
113.0845
113.0845
123.5286
123.5286
123.5286
123.5286
133.9328
133.9328
133.9328
133.9328
144.1881
144.1881
144.1881
144.1881
154.444
154.444
154.444
154.444
164.8084
164.8084
164.8084
164.8084
174.9505
174.9505
174.9505
174.9505
185.2
185.2
185.2
185.2
195.3862
195.3862
195.3862
195.3862
205.903
205.903
205.903
205.903
216.335
216.335
216.335
216.335
226.5597
226.5597
226.5597
226.5597
236.7953
236.7953
236.7953
236.7953
247.0596
247.0596
247.0596
247.0596
257.3857
257.3857
257.3857
257.3857
267.6235
267.6235
267.6235
267.6235
277.9775
277.9775
277.9775
277.9775
288.2241
288.2241
288.2241
288.2241
298.443
298.443
298.443
298.443
308.7434
308.7434
308.7434
308.7434
318.996
318.996
318.996
318.996
329.2911
329.2911
329.2911
329.2911
339.61
339.61
339.61
339.61
349.7952
349.7952
349.7952
349.7952
360.0177
360.0177
360.0177
360.0177
