1.0488
1.0488
1.0488
1.0488
11.6946
11.6946
11.6946
11.6946
22.1911
22.1911
22.1911
22.1911
32.7258
32.7258
32.7258
32.7258
43.3703
43.3703
43.3703
43.3703
53.9535
53.9535
53.9535
53.9535
64.4861
64.4861
64.4861
64.4861
75.1223
75.1223
75.1223
75.1223
85.6814
85.6814
85.6814
85.6814
96.281
96.281
96.281
96.281
106.91
106.91
106.91
106.91
117.525
117.525
117.525
117.525
128.1916
128.1916
128.1916
128.1916
138.9253
138.9253
138.9253
138.9253
149.717
149.717
149.717
149.717
160.7106
160.7106
160.7106
160.7106
171.5289
171.5289
171.5289
171.5289
182.1925
182.1925
182.1925
182.1925
193.1122
193.1122
193.1122
193.1122
203.7889
203.7889
203.7889
203.7889
214.3887
214.3887
214.3887
214.3887
225.1516
225.1516
225.1516
225.1516
235.7604
235.7604
235.7604
235.7604
246.1724
246.1724
246.1724
246.1724
256.7715
256.7715
256.7715
256.7715
267.147
267.147
267.147
267.147
277.6399
277.6399
277.6399
277.6399
288.1432
288.1432
288.1432
288.1432
298.8481
298.8481
298.8481
298.8481
309.4795
309.4795
309.4795
309.4795
320.1512
320.1512
320.1512
320.1512
330.5199
330.5199
330.5199
330.5199
341.1351
341.1351
341.1351
341.1351
351.8719
351.8719
351.8719
351.8719
