7.9935
7.9935
7.9935
7.9935
18.4977
18.4977
18.4977
18.4977
28.9895
28.9895
28.9895
28.9895
39.7176
39.7176
39.7176
39.7176
50.2785
50.2785
50.2785
50.2785
60.7363
60.7363
60.7363
60.7363
71.3388
71.3388
71.3388
71.3388
81.994
81.994
81.994
81.994
92.5426
92.5426
92.5426
92.5426
103.1539
103.1539
103.1539
103.1539
113.7252
113.7252
113.7252
113.7252
124.3355
124.3355
124.3355
124.3355
135.1369
135.1369
135.1369
135.1369
145.8768
145.8768
145.8768
145.8768
156.8768
156.8768
156.8768
156.8768
167.7291
167.7291
167.7291
167.7291
178.3359
178.3359
178.3359
178.3359
189.2158
189.2158
189.2158
189.2158
200.0813
200.0813
200.0813
200.0813
210.6911
210.6911
210.6911
210.6911
221.4385
221.4385
221.4385
221.4385
232.1417
232.1417
232.1417
232.1417
242.539
242.539
242.539
242.539
253.0576
253.0576
253.0576
253.0576
263.4857
263.4857
263.4857
263.4857
274.0478
274.0478
274.0478
274.0478
284.4719
284.4719
284.4719
284.4719
295.1695
295.1695
295.1695
295.1695
305.8391
305.8391
305.8391
305.8391
316.4328
316.4328
316.4328
316.4328
326.904
326.904
326.904
326.904
337.4803
337.4803
337.4803
337.4803
348.2142
348.2142
348.2142
348.2142
358.7685
358.7685
358.7685
358.7685
