4.7382
4.7382
4.7382
4.7382
15.4063
15.4063
15.4063
15.4063
25.9065
25.9065
25.9065
25.9065
36.3418
36.3418
36.3418
36.3418
47.0104
47.0104
47.0104
47.0104
57.6178
57.6178
57.6178
57.6178
68.1026
68.1026
68.1026
68.1026
78.7061
78.7061
78.7061
78.7061
89.2649
89.2649
89.2649
89.2649
99.8367
99.8367
99.8367
99.8367
110.437
110.437
110.437
110.437
120.8111
120.8111
120.8111
120.8111
131.6891
131.6891
131.6891
131.6891
142.4176
142.4176
142.4176
142.4176
153.3965
153.3965
153.3965
153.3965
164.2686
164.2686
164.2686
164.2686
174.8399
174.8399
174.8399
174.8399
185.7609
185.7609
185.7609
185.7609
196.7244
196.7244
196.7244
196.7244
207.5248
207.5248
207.5248
207.5248
218.1043
218.1043
218.1043
218.1043
228.8482
228.8482
228.8482
228.8482
239.5197
239.5197
239.5197
239.5197
249.9764
249.9764
249.9764
249.9764
260.4631
260.4631
260.4631
260.4631
270.7792
270.7792
270.7792
270.7792
281.4986
281.4986
281.4986
281.4986
291.8718
291.8718
291.8718
291.8718
302.6039
302.6039
302.6039
302.6039
313.212
313.212
313.212
313.212
323.8636
323.8636
323.8636
323.8636
334.3354
334.3354
334.3354
334.3354
344.9429
344.9429
344.9429
344.9429
355.5145
355.5145
355.5145
355.5145
