4.9712
4.9712
4.9712
4.9712
15.659
15.659
15.659
15.659
26.2894
26.2894
26.2894
26.2894
37.0895
37.0895
37.0895
37.0895
48.0023
48.0023
48.0023
48.0023
59.0623
59.0623
59.0623
59.0623
69.9663
69.9663
69.9663
69.9663
80.8144
80.8144
80.8144
80.8144
91.5691
91.5691
91.5691
91.5691
102.4106
102.4106
102.4106
102.4106
113.1127
113.1127
113.1127
113.1127
123.9458
123.9458
123.9458
123.9458
134.878
134.878
134.878
134.878
145.7295
145.7295
145.7295
145.7295
156.5335
156.5335
156.5335
156.5335
167.481
167.481
167.481
167.481
178.4969
178.4969
178.4969
178.4969
189.5609
189.5609
189.5609
189.5609
200.4926
200.4926
200.4926
200.4926
211.4044
211.4044
211.4044
211.4044
222.5168
222.5168
222.5168
222.5168
233.5091
233.5091
233.5091
233.5091
244.5677
244.5677
244.5677
244.5677
255.6239
255.6239
255.6239
255.6239
266.8567
266.8567
266.8567
266.8567
278.1608
278.1608
278.1608
278.1608
289.2961
289.2961
289.2961
289.2961
300.4532
300.4532
300.4532
300.4532
311.6355
311.6355
311.6355
311.6355
322.8938
322.8938
322.8938
322.8938
334.0386
334.0386
334.0386
334.0386
345.2144
345.2144
345.2144
345.2144
356.4077
356.4077
356.4077
356.4077
