1.8003
1.8003
1.8003
1.8003
12.4027
12.4027
12.4027
12.4027
23.0985
23.0985
23.0985
23.0985
33.8183
33.8183
33.8183
33.8183
44.4654
44.4654
44.4654
44.4654
55.6357
55.6357
55.6357
55.6357
66.5704
66.5704
66.5704
66.5704
77.433
77.433
77.433
77.433
88.2286
88.2286
88.2286
88.2286
99.0173
99.0173
99.0173
99.0173
109.8695
109.8695
109.8695
109.8695
120.5372
120.5372
120.5372
120.5372
131.4655
131.4655
131.4655
131.4655
142.3409
142.3409
142.3409
142.3409
153.0848
153.0848
153.0848
153.0848
164.0051
164.0051
164.0051
164.0051
174.9726
174.9726
174.9726
174.9726
186.077
186.077
186.077
186.077
197.041
197.041
197.041
197.041
207.969
207.969
207.969
207.969
218.9836
218.9836
218.9836
218.9836
230.0331
230.0331
230.0331
230.0331
241.0129
241.0129
241.0129
241.0129
252.1134
252.1134
252.1134
252.1134
263.1932
263.1932
263.1932
263.1932
274.6239
274.6239
274.6239
274.6239
285.831
285.831
285.831
285.831
297.0124
297.0124
297.0124
297.0124
308.1244
308.1244
308.1244
308.1244
319.3798
319.3798
319.3798
319.3798
330.5841
330.5841
330.5841
330.5841
341.7956
341.7956
341.7956
341.7956
352.9513
352.9513
352.9513
352.9513
