8.4395
8.4395
8.4395
8.4395
19.0784
19.0784
19.0784
19.0784
29.7954
29.7954
29.7954
29.7954
40.4865
40.4865
40.4865
40.4865
51.6221
51.6221
51.6221
51.6221
62.6061
62.6061
62.6061
62.6061
73.4649
73.4649
73.4649
73.4649
84.3693
84.3693
84.3693
84.3693
95.126
95.126
95.126
95.126
105.9223
105.9223
105.9223
105.9223
116.6207
116.6207
116.6207
116.6207
127.4977
127.4977
127.4977
127.4977
138.4655
138.4655
138.4655
138.4655
149.1852
149.1852
149.1852
149.1852
160.0933
160.0933
160.0933
160.0933
171.0767
171.0767
171.0767
171.0767
182.093
182.093
182.093
182.093
193.1171
193.1171
193.1171
193.1171
204.0607
204.0607
204.0607
204.0607
214.9932
214.9932
214.9932
214.9932
226.1201
226.1201
226.1201
226.1201
237.0954
237.0954
237.0954
237.0954
248.2358
248.2358
248.2358
248.2358
259.2877
259.2877
259.2877
259.2877
270.6001
270.6001
270.6001
270.6001
281.8125
281.8125
281.8125
281.8125
292.9324
292.9324
292.9324
292.9324
304.0287
304.0287
304.0287
304.0287
315.313
315.313
315.313
315.313
326.4879
326.4879
326.4879
326.4879
337.624
337.624
337.624
337.624
348.8678
348.8678
348.8678
348.8678
359.9744
359.9744
359.9744
359.9744
