8.5425
8.5425
8.5425
8.5425
18.7023
18.7023
18.7023
18.7023
29.1534
29.1534
29.1534
29.1534
40.2508
40.2508
40.2508
40.2508
51.1929
51.1929
51.1929
51.1929
61.4729
61.4729
61.4729
61.4729
72.9244
72.9244
72.9244
72.9244
84.2456
84.2456
84.2456
84.2456
95.2977
95.2977
95.2977
95.2977
106.4722
106.4722
106.4722
106.4722
117.5686
117.5686
117.5686
117.5686
128.1721
128.1721
128.1721
128.1721
138.7636
138.7636
138.7636
138.7636
149.5389
149.5389
149.5389
149.5389
160.1514
160.1514
160.1514
160.1514
170.3316
170.3316
170.3316
170.3316
180.167
180.167
180.167
180.167
190.4233
190.4233
190.4233
190.4233
200.4747
200.4747
200.4747
200.4747
210.6515
210.6515
210.6515
210.6515
220.7287
220.7287
220.7287
220.7287
230.919
230.919
230.919
230.919
241.1431
241.1431
241.1431
241.1431
251.2546
251.2546
251.2546
251.2546
261.2879
261.2879
261.2879
261.2879
271.4972
271.4972
271.4972
271.4972
281.6138
281.6138
281.6138
281.6138
291.7669
291.7669
291.7669
291.7669
302.1137
302.1137
302.1137
302.1137
312.3229
312.3229
312.3229
312.3229
322.5181
322.5181
322.5181
322.5181
332.6176
332.6176
332.6176
332.6176
342.4548
342.4548
342.4548
342.4548
352.3812
352.3812
352.3812
352.3812
362.2447
362.2447
362.2447
362.2447
