1.6444
1.6444
1.6444
1.6444
11.9893
11.9893
11.9893
11.9893
22.2569
22.2569
22.2569
22.2569
32.9688
32.9688
32.9688
32.9688
44.1636
44.1636
44.1636
44.1636
55.0288
55.0288
55.0288
55.0288
65.5668
65.5668
65.5668
65.5668
76.7162
76.7162
76.7162
76.7162
88.1184
88.1184
88.1184
88.1184
99.2775
99.2775
99.2775
99.2775
110.2883
110.2883
110.2883
110.2883
121.1481
121.1481
121.1481
121.1481
131.7074
131.7074
131.7074
131.7074
142.36
142.36
142.36
142.36
153.0769
153.0769
153.0769
153.0769
163.7433
163.7433
163.7433
163.7433
173.4641
173.4641
173.4641
173.4641
183.5271
183.5271
183.5271
183.5271
193.8024
193.8024
193.8024
193.8024
203.9387
203.9387
203.9387
203.9387
213.9959
213.9959
213.9959
213.9959
224.1871
224.1871
224.1871
224.1871
234.3343
234.3343
234.3343
234.3343
244.5278
244.5278
244.5278
244.5278
254.5826
254.5826
254.5826
254.5826
264.5949
264.5949
264.5949
264.5949
274.834
274.834
274.834
274.834
285.0825
285.0825
285.0825
285.0825
295.1947
295.1947
295.1947
295.1947
305.4951
305.4951
305.4951
305.4951
315.7226
315.7226
315.7226
315.7226
325.8621
325.8621
325.8621
325.8621
335.9089
335.9089
335.9089
335.9089
345.7445
345.7445
345.7445
345.7445
355.522
355.522
355.522
355.522
