5.2822
5.2822
5.2822
5.2822
15.4975
15.4975
15.4975
15.4975
25.7812
25.7812
25.7812
25.7812
36.7009
36.7009
36.7009
36.7009
47.781
47.781
47.781
47.781
58.1369
58.1369
58.1369
58.1369
69.2874
69.2874
69.2874
69.2874
80.4966
80.4966
80.4966
80.4966
91.8055
91.8055
91.8055
91.8055
102.9254
102.9254
102.9254
102.9254
113.9321
113.9321
113.9321
113.9321
124.7404
124.7404
124.7404
124.7404
135.2953
135.2953
135.2953
135.2953
146.0314
146.0314
146.0314
146.0314
156.6197
156.6197
156.6197
156.6197
167.2799
167.2799
167.2799
167.2799
177.012
177.012
177.012
177.012
187.0395
187.0395
187.0395
187.0395
197.2626
197.2626
197.2626
197.2626
207.4272
207.4272
207.4272
207.4272
217.511
217.511
217.511
217.511
227.6426
227.6426
227.6426
227.6426
237.7785
237.7785
237.7785
237.7785
247.9904
247.9904
247.9904
247.9904
258.1184
258.1184
258.1184
258.1184
268.182
268.182
268.182
268.182
278.3947
278.3947
278.3947
278.3947
288.5307
288.5307
288.5307
288.5307
298.6863
298.6863
298.6863
298.6863
309.0579
309.0579
309.0579
309.0579
319.1788
319.1788
319.1788
319.1788
329.3464
329.3464
329.3464
329.3464
339.2645
339.2645
339.2645
339.2645
349.2649
349.2649
349.2649
349.2649
359.0095
359.0095
359.0095
359.0095
