5.6957
5.6957
5.6957
5.6957
16.7963
16.7963
16.7963
16.7963
27.4638
27.4638
27.4638
27.4638
38.2667
38.2667
38.2667
38.2667
48.812
48.812
48.812
48.812
60.2107
60.2107
60.2107
60.2107
71.6577
71.6577
71.6577
71.6577
83.015
83.015
83.015
83.015
93.8783
93.8783
93.8783
93.8783
104.9673
104.9673
104.9673
104.9673
117.3031
117.3031
117.3031
117.3031
127.9757
127.9757
127.9757
127.9757
138.3582
138.3582
138.3582
138.3582
149.0913
149.0913
149.0913
149.0913
160.1938
160.1938
160.1938
160.1938
170.6098
170.6098
170.6098
170.6098
181.2545
181.2545
181.2545
181.2545
191.4777
191.4777
191.4777
191.4777
201.8261
201.8261
201.8261
201.8261
211.9649
211.9649
211.9649
211.9649
222.5297
222.5297
222.5297
222.5297
232.7489
232.7489
232.7489
232.7489
242.7926
242.7926
242.7926
242.7926
252.697
252.697
252.697
252.697
262.9251
262.9251
262.9251
262.9251
273.1004
273.1004
273.1004
273.1004
283.1571
283.1571
283.1571
283.1571
293.1976
293.1976
293.1976
293.1976
303.3521
303.3521
303.3521
303.3521
313.5026
313.5026
313.5026
313.5026
323.4493
323.4493
323.4493
323.4493
333.6029
333.6029
333.6029
333.6029
343.5353
343.5353
343.5353
343.5353
353.7123
353.7123
353.7123
353.7123
363.5914
363.5914
363.5914
363.5914
