9.1196
9.1196
9.1196
9.1196
20.1041
20.1041
20.1041
20.1041
30.9085
30.9085
30.9085
30.9085
41.4395
41.4395
41.4395
41.4395
51.8819
51.8819
51.8819
51.8819
63.8849
63.8849
63.8849
63.8849
75.111
75.111
75.111
75.111
86.5368
86.5368
86.5368
86.5368
97.5654
97.5654
97.5654
97.5654
109.0376
109.0376
109.0376
109.0376
120.8855
120.8855
120.8855
120.8855
131.3267
131.3267
131.3267
131.3267
141.7182
141.7182
141.7182
141.7182
153.0525
153.0525
153.0525
153.0525
163.5736
163.5736
163.5736
163.5736
173.9675
173.9675
173.9675
173.9675
184.6977
184.6977
184.6977
184.6977
194.9461
194.9461
194.9461
194.9461
205.25
205.25
205.25
205.25
215.4373
215.4373
215.4373
215.4373
226.1532
226.1532
226.1532
226.1532
236.1185
236.1185
236.1185
236.1185
246.2172
246.2172
246.2172
246.2172
256.2264
256.2264
256.2264
256.2264
266.4337
266.4337
266.4337
266.4337
276.6241
276.6241
276.6241
276.6241
286.6123
286.6123
286.6123
286.6123
296.6649
296.6649
296.6649
296.6649
306.7965
306.7965
306.7965
306.7965
316.9684
316.9684
316.9684
316.9684
326.9203
326.9203
326.9203
326.9203
337.0847
337.0847
337.0847
337.0847
346.9556
346.9556
346.9556
346.9556
357.0665
357.0665
357.0665
357.0665
367.0008
367.0008
367.0008
367.0008
