2.1458
2.1458
2.1458
2.1458
13.0835
13.0835
13.0835
13.0835
24.0235
24.0235
24.0235
24.0235
34.8393
34.8393
34.8393
34.8393
45.3754
45.3754
45.3754
45.3754
56.5196
56.5196
56.5196
56.5196
67.828
67.828
67.828
67.828
79.0823
79.0823
79.0823
79.0823
90.4698
90.4698
90.4698
90.4698
101.4131
101.4131
101.4131
101.4131
113.0231
113.0231
113.0231
113.0231
124.6511
124.6511
124.6511
124.6511
134.9906
134.9906
134.9906
134.9906
145.3429
145.3429
145.3429
145.3429
156.8435
156.8435
156.8435
156.8435
167.2904
167.2904
167.2904
167.2904
177.9271
177.9271
177.9271
177.9271
188.3461
188.3461
188.3461
188.3461
198.5741
198.5741
198.5741
198.5741
208.8139
208.8139
208.8139
208.8139
219.0272
219.0272
219.0272
219.0272
229.7372
229.7372
229.7372
229.7372
239.6178
239.6178
239.6178
239.6178
249.7497
249.7497
249.7497
249.7497
259.7859
259.7859
259.7859
259.7859
270.001
270.001
270.001
270.001
280.2325
280.2325
280.2325
280.2325
290.0886
290.0886
290.0886
290.0886
300.1963
300.1963
300.1963
300.1963
310.3494
310.3494
310.3494
310.3494
320.5167
320.5167
320.5167
320.5167
330.5571
330.5571
330.5571
330.5571
340.6115
340.6115
340.6115
340.6115
350.4713
350.4713
350.4713
350.4713
360.5799
360.5799
360.5799
360.5799
