4.4378
4.4378
4.4378
4.4378
14.6989
14.6989
14.6989
14.6989
24.8583
24.8583
24.8583
24.8583
34.8496
34.8496
34.8496
34.8496
44.974
44.974
44.974
44.974
54.5775
54.5775
54.5775
54.5775
64.9985
64.9985
64.9985
64.9985
75.9335
75.9335
75.9335
75.9335
86.3383
86.3383
86.3383
86.3383
96.1537
96.1537
96.1537
96.1537
105.563
105.563
105.563
105.563
114.6977
114.6977
114.6977
114.6977
124.4536
124.4536
124.4536
124.4536
135.1985
135.1985
135.1985
135.1985
145.627
145.627
145.627
145.627
156.6289
156.6289
156.6289
156.6289
166.741
166.741
166.741
166.741
176.4402
176.4402
176.4402
176.4402
185.9791
185.9791
185.9791
185.9791
195.5621
195.5621
195.5621
195.5621
205.4326
205.4326
205.4326
205.4326
215.4615
215.4615
215.4615
215.4615
225.637
225.637
225.637
225.637
235.7176
235.7176
235.7176
235.7176
245.7321
245.7321
245.7321
245.7321
255.676
255.676
255.676
255.676
265.3597
265.3597
265.3597
265.3597
275.1841
275.1841
275.1841
275.1841
284.8288
284.8288
284.8288
284.8288
294.539
294.539
294.539
294.539
304.3438
304.3438
304.3438
304.3438
314.5085
314.5085
314.5085
314.5085
324.5833
324.5833
324.5833
324.5833
334.7269
334.7269
334.7269
334.7269
344.6717
344.6717
344.6717
344.6717
354.6754
354.6754
354.6754
354.6754
364.5151
364.5151
364.5151
364.5151
