7.731
7.731
7.731
7.731
18.05
18.05
18.05
18.05
28.1917
28.1917
28.1917
28.1917
38.2663
38.2663
38.2663
38.2663
48.2622
48.2622
48.2622
48.2622
57.6496
57.6496
57.6496
57.6496
68.5938
68.5938
68.5938
68.5938
79.5585
79.5585
79.5585
79.5585
89.6857
89.6857
89.6857
89.6857
99.3895
99.3895
99.3895
99.3895
108.5175
108.5175
108.5175
108.5175
117.6023
117.6023
117.6023
117.6023
128.5748
128.5748
128.5748
128.5748
138.4413
138.4413
138.4413
138.4413
149.3541
149.3541
149.3541
149.3541
160.0432
160.0432
160.0432
160.0432
170.0765
170.0765
170.0765
170.0765
179.7001
179.7001
179.7001
179.7001
189.2246
189.2246
189.2246
189.2246
198.8858
198.8858
198.8858
198.8858
208.8406
208.8406
208.8406
208.8406
218.9281
218.9281
218.9281
218.9281
229.2364
229.2364
229.2364
229.2364
239.1126
239.1126
239.1126
239.1126
249.0566
249.0566
249.0566
249.0566
259.0279
259.0279
259.0279
259.0279
268.8082
268.8082
268.8082
268.8082
278.5593
278.5593
278.5593
278.5593
288.2623
288.2623
288.2623
288.2623
297.9363
297.9363
297.9363
297.9363
307.7346
307.7346
307.7346
307.7346
317.8843
317.8843
317.8843
317.8843
328.043
328.043
328.043
328.043
338.1434
338.1434
338.1434
338.1434
348.0868
348.0868
348.0868
348.0868
358.0111
358.0111
358.0111
358.0111
367.9388
367.9388
367.9388
367.9388
