1.3293
1.3293
1.3293
1.3293
11.3868
11.3868
11.3868
11.3868
21.5861
21.5861
21.5861
21.5861
31.5498
31.5498
31.5498
31.5498
41.6744
41.6744
41.6744
41.6744
51.594
51.594
51.594
51.594
61.4343
61.4343
61.4343
61.4343
72.0775
72.0775
72.0775
72.0775
83.0485
83.0485
83.0485
83.0485
92.8889
92.8889
92.8889
92.8889
102.3766
102.3766
102.3766
102.3766
111.5405
111.5405
111.5405
111.5405
121.2772
121.2772
121.2772
121.2772
132.1299
132.1299
132.1299
132.1299
141.9336
141.9336
141.9336
141.9336
153.3466
153.3466
153.3466
153.3466
163.5477
163.5477
163.5477
163.5477
173.4478
173.4478
173.4478
173.4478
183.0848
183.0848
183.0848
183.0848
192.5686
192.5686
192.5686
192.5686
202.2361
202.2361
202.2361
202.2361
212.2718
212.2718
212.2718
212.2718
222.3523
222.3523
222.3523
222.3523
232.8163
232.8163
232.8163
232.8163
242.5119
242.5119
242.5119
242.5119
252.4332
252.4332
252.4332
252.4332
262.3612
262.3612
262.3612
262.3612
272.1674
272.1674
272.1674
272.1674
281.9234
281.9234
281.9234
281.9234
291.624
291.624
291.624
291.624
301.4284
301.4284
301.4284
301.4284
311.4314
311.4314
311.4314
311.4314
321.3989
321.3989
321.3989
321.3989
331.4409
331.4409
331.4409
331.4409
341.4354
341.4354
341.4354
341.4354
351.3874
351.3874
351.3874
351.3874
361.323
361.323
361.323
361.323
