8.8095
8.8095
8.8095
8.8095
19.5898
19.5898
19.5898
19.5898
30.4068
30.4068
30.4068
30.4068
40.9927
40.9927
40.9927
40.9927
51.6553
51.6553
51.6553
51.6553
63.229
63.229
63.229
63.229
73.8814
73.8814
73.8814
73.8814
84.8613
84.8613
84.8613
84.8613
96.0328
96.0328
96.0328
96.0328
107.4372
107.4372
107.4372
107.4372
118.1165
118.1165
118.1165
118.1165
128.7719
128.7719
128.7719
128.7719
139.4119
139.4119
139.4119
139.4119
150.0972
150.0972
150.0972
150.0972
160.708
160.708
160.708
160.708
171.5006
171.5006
171.5006
171.5006
182.2173
182.2173
182.2173
182.2173
192.8891
192.8891
192.8891
192.8891
203.4661
203.4661
203.4661
203.4661
213.8698
213.8698
213.8698
213.8698
224.4485
224.4485
224.4485
224.4485
234.7719
234.7719
234.7719
234.7719
245.0308
245.0308
245.0308
245.0308
255.4318
255.4318
255.4318
255.4318
265.9558
265.9558
265.9558
265.9558
276.3594
276.3594
276.3594
276.3594
286.6637
286.6637
286.6637
286.6637
297.1271
297.1271
297.1271
297.1271
307.5878
307.5878
307.5878
307.5878
318.0436
318.0436
318.0436
318.0436
328.3956
328.3956
328.3956
328.3956
338.8064
338.8064
338.8064
338.8064
349.351
349.351
349.351
349.351
359.814
359.814
359.814
359.814
