1.7688
1.7688
1.7688
1.7688
12.6781
12.6781
12.6781
12.6781
23.4101
23.4101
23.4101
23.4101
34.2332
34.2332
34.2332
34.2332
44.8026
44.8026
44.8026
44.8026
55.4017
55.4017
55.4017
55.4017
67.0266
67.0266
67.0266
67.0266
78.0783
78.0783
78.0783
78.0783
88.7685
88.7685
88.7685
88.7685
99.8847
99.8847
99.8847
99.8847
111.2378
111.2378
111.2378
111.2378
121.9767
121.9767
121.9767
121.9767
132.564
132.564
132.564
132.564
143.2642
143.2642
143.2642
143.2642
153.9643
153.9643
153.9643
153.9643
164.6763
164.6763
164.6763
164.6763
175.4122
175.4122
175.4122
175.4122
186.0568
186.0568
186.0568
186.0568
196.6403
196.6403
196.6403
196.6403
207.2727
207.2727
207.2727
207.2727
217.6162
217.6162
217.6162
217.6162
228.215
228.215
228.215
228.215
238.5161
238.5161
238.5161
238.5161
248.8115
248.8115
248.8115
248.8115
259.1948
259.1948
259.1948
259.1948
269.6549
269.6549
269.6549
269.6549
280.0994
280.0994
280.0994
280.0994
290.4036
290.4036
290.4036
290.4036
300.875
300.875
300.875
300.875
311.2835
311.2835
311.2835
311.2835
321.7431
321.7431
321.7431
321.7431
332.122
332.122
332.122
332.122
342.5352
342.5352
342.5352
342.5352
353.047
353.047
353.047
353.047
