5.5669
5.5669
5.5669
5.5669
16.3735
16.3735
16.3735
16.3735
27.1218
27.1218
27.1218
27.1218
37.8936
37.8936
37.8936
37.8936
48.4855
48.4855
48.4855
48.4855
59.8809
59.8809
59.8809
59.8809
70.4884
70.4884
70.4884
70.4884
81.5966
81.5966
81.5966
81.5966
92.3256
92.3256
92.3256
92.3256
103.8226
103.8226
103.8226
103.8226
114.7001
114.7001
114.7001
114.7001
125.4808
125.4808
125.4808
125.4808
136.1174
136.1174
136.1174
136.1174
146.8574
146.8574
146.8574
146.8574
157.528
157.528
157.528
157.528
168.3052
168.3052
168.3052
168.3052
178.98
178.98
178.98
178.98
189.6526
189.6526
189.6526
189.6526
200.0441
200.0441
200.0441
200.0441
210.4482
210.4482
210.4482
210.4482
221.0181
221.0181
221.0181
221.0181
231.3555
231.3555
231.3555
231.3555
241.6427
241.6427
241.6427
241.6427
251.9719
251.9719
251.9719
251.9719
262.5468
262.5468
262.5468
262.5468
272.963
272.963
272.963
272.963
283.2837
283.2837
283.2837
283.2837
293.7502
293.7502
293.7502
293.7502
304.2434
304.2434
304.2434
304.2434
314.6827
314.6827
314.6827
314.6827
325.0657
325.0657
325.0657
325.0657
335.5021
335.5021
335.5021
335.5021
346.0231
346.0231
346.0231
346.0231
356.463
356.463
356.463
356.463
