4.4043
4.4043
4.4043
4.4043
14.4708
14.4708
14.4708
14.4708
24.4623
24.4623
24.4623
24.4623
34.3918
34.3918
34.3918
34.3918
44.3346
44.3346
44.3346
44.3346
54.2743
54.2743
54.2743
54.2743
64.4039
64.4039
64.4039
64.4039
74.3425
74.3425
74.3425
74.3425
84.3241
84.3241
84.3241
84.3241
94.3802
94.3802
94.3802
94.3802
104.3616
104.3616
104.3616
104.3616
114.3661
114.3661
114.3661
114.3661
124.3863
124.3863
124.3863
124.3863
134.3985
134.3985
134.3985
134.3985
144.4743
144.4743
144.4743
144.4743
154.3658
154.3658
154.3658
154.3658
164.4851
164.4851
164.4851
164.4851
174.3497
174.3497
174.3497
174.3497
184.3111
184.3111
184.3111
184.3111
194.4833
194.4833
194.4833
194.4833
204.258
204.258
204.258
204.258
214.3316
214.3316
214.3316
214.3316
224.2294
224.2294
224.2294
224.2294
234.1232
234.1232
234.1232
234.1232
244.1957
244.1957
244.1957
244.1957
254.396
254.396
254.396
254.396
264.2912
264.2912
264.2912
264.2912
274.2282
274.2282
274.2282
274.2282
284.455
284.455
284.455
284.455
294.3481
294.3481
294.3481
294.3481
304.5354
304.5354
304.5354
304.5354
314.4971
314.4971
314.4971
314.4971
324.3904
324.3904
324.3904
324.3904
334.2909
334.2909
334.2909
334.2909
344.4279
344.4279
344.4279
344.4279
354.3425
354.3425
354.3425
354.3425
364.4622
364.4622
364.4622
364.4622
