7.4563
7.4563
7.4563
7.4563
17.639
17.639
17.639
17.639
27.5101
27.5101
27.5101
27.5101
37.4881
37.4881
37.4881
37.4881
47.3225
47.3225
47.3225
47.3225
57.2688
57.2688
57.2688
57.2688
67.4478
67.4478
67.4478
67.4478
77.4024
77.4024
77.4024
77.4024
87.3839
87.3839
87.3839
87.3839
97.4299
97.4299
97.4299
97.4299
107.4253
107.4253
107.4253
107.4253
117.4413
117.4413
117.4413
117.4413
127.5218
127.5218
127.5218
127.5218
137.4438
137.4438
137.4438
137.4438
147.6757
147.6757
147.6757
147.6757
157.5761
157.5761
157.5761
157.5761
167.706
167.706
167.706
167.706
177.5893
177.5893
177.5893
177.5893
187.6206
187.6206
187.6206
187.6206
197.605
197.605
197.605
197.605
207.4516
207.4516
207.4516
207.4516
217.4238
217.4238
217.4238
217.4238
227.4361
227.4361
227.4361
227.4361
237.4425
237.4425
237.4425
237.4425
247.5139
247.5139
247.5139
247.5139
257.6509
257.6509
257.6509
257.6509
267.5877
267.5877
267.5877
267.5877
277.4433
277.4433
277.4433
277.4433
287.7399
287.7399
287.7399
287.7399
297.471
297.471
297.471
297.471
307.6563
307.6563
307.6563
307.6563
317.4958
317.4958
317.4958
317.4958
327.4469
327.4469
327.4469
327.4469
337.3299
337.3299
337.3299
337.3299
347.6013
347.6013
347.6013
347.6013
357.3886
357.3886
357.3886
357.3886
367.5948
367.5948
367.5948
367.5948
