1.1967
1.1967
1.1967
1.1967
11.2823
11.2823
11.2823
11.2823
21.3339
21.3339
21.3339
21.3339
31.2937
31.2937
31.2937
31.2937
41.3213
41.3213
41.3213
41.3213
51.3018
51.3018
51.3018
51.3018
61.39
61.39
61.39
61.39
71.3457
71.3457
71.3457
71.3457
81.349
81.349
81.349
81.349
91.3449
91.3449
91.3449
91.3449
101.3887
101.3887
101.3887
101.3887
111.3218
111.3218
111.3218
111.3218
121.3733
121.3733
121.3733
121.3733
131.3336
131.3336
131.3336
131.3336
141.3134
141.3134
141.3134
141.3134
151.2408
151.2408
151.2408
151.2408
161.2671
161.2671
161.2671
161.2671
171.2
171.2
171.2
171.2
181.2414
181.2414
181.2414
181.2414
191.3294
191.3294
191.3294
191.3294
201.1744
201.1744
201.1744
201.1744
211.1925
211.1925
211.1925
211.1925
221.1599
221.1599
221.1599
221.1599
231.0047
231.0047
231.0047
231.0047
240.988
240.988
240.988
240.988
251.1914
251.1914
251.1914
251.1914
260.9429
260.9429
260.9429
260.9429
270.9864
270.9864
270.9864
270.9864
281.1824
281.1824
281.1824
281.1824
291.2877
291.2877
291.2877
291.2877
301.3351
301.3351
301.3351
301.3351
311.323
311.323
311.323
311.323
321.3432
321.3432
321.3432
321.3432
331.324
331.324
331.324
331.324
341.3477
341.3477
341.3477
341.3477
351.3109
351.3109
351.3109
351.3109
361.3913
361.3913
361.3913
361.3913
