5.0145
5.0145
5.0145
5.0145
15.2379
15.2379
15.2379
15.2379
25.5407
25.5407
25.5407
25.5407
35.8964
35.8964
35.8964
35.8964
46.0577
46.0577
46.0577
46.0577
55.8316
55.8316
55.8316
55.8316
66.4175
66.4175
66.4175
66.4175
77.7267
77.7267
77.7267
77.7267
88.0344
88.0344
88.0344
88.0344
98.2445
98.2445
98.2445
98.2445
108.3373
108.3373
108.3373
108.3373
118.5284
118.5284
118.5284
118.5284
128.7567
128.7567
128.7567
128.7567
138.8972
138.8972
138.8972
138.8972
148.9282
148.9282
148.9282
148.9282
159.1076
159.1076
159.1076
159.1076
169.3392
169.3392
169.3392
169.3392
180.1446
180.1446
180.1446
180.1446
191.3571
191.3571
191.3571
191.3571
201.3959
201.3959
201.3959
201.3959
211.5521
211.5521
211.5521
211.5521
221.614
221.614
221.614
221.614
231.7334
231.7334
231.7334
231.7334
242.0635
242.0635
242.0635
242.0635
252.2442
252.2442
252.2442
252.2442
262.4068
262.4068
262.4068
262.4068
272.6273
272.6273
272.6273
272.6273
282.9463
282.9463
282.9463
282.9463
293.138
293.138
293.138
293.138
303.4187
303.4187
303.4187
303.4187
313.6608
313.6608
313.6608
313.6608
323.8509
323.8509
323.8509
323.8509
333.9858
333.9858
333.9858
333.9858
344.3061
344.3061
344.3061
344.3061
354.4934
354.4934
354.4934
354.4934
364.7708
364.7708
364.7708
364.7708
