1.6766
1.6766
1.6766
1.6766
11.9416
11.9416
11.9416
11.9416
22.2741
22.2741
22.2741
22.2741
32.5377
32.5377
32.5377
32.5377
42.7578
42.7578
42.7578
42.7578
52.8579
52.8579
52.8579
52.8579
63.109
63.109
63.109
63.109
73.6176
73.6176
73.6176
73.6176
84.9125
84.9125
84.9125
84.9125
95.0175
95.0175
95.0175
95.0175
105.1454
105.1454
105.1454
105.1454
115.2971
115.2971
115.2971
115.2971
125.5683
125.5683
125.5683
125.5683
135.7739
135.7739
135.7739
135.7739
145.7405
145.7405
145.7405
145.7405
155.9728
155.9728
155.9728
155.9728
166.221
166.221
166.221
166.221
176.9645
176.9645
176.9645
176.9645
187.5366
187.5366
187.5366
187.5366
198.3998
198.3998
198.3998
198.3998
208.54
208.54
208.54
208.54
218.7128
218.7128
218.7128
218.7128
228.7642
228.7642
228.7642
228.7642
238.8561
238.8561
238.8561
238.8561
249.0477
249.0477
249.0477
249.0477
259.2031
259.2031
259.2031
259.2031
269.3991
269.3991
269.3991
269.3991
279.7065
279.7065
279.7065
279.7065
289.9388
289.9388
289.9388
289.9388
300.123
300.123
300.123
300.123
310.3958
310.3958
310.3958
310.3958
320.6025
320.6025
320.6025
320.6025
330.7461
330.7461
330.7461
330.7461
341.0668
341.0668
341.0668
341.0668
351.2867
351.2867
351.2867
351.2867
361.5068
361.5068
361.5068
361.5068
