8.1664
8.1664
8.1664
8.1664
18.5328
18.5328
18.5328
18.5328
28.8547
28.8547
28.8547
28.8547
39.0844
39.0844
39.0844
39.0844
49.18
49.18
49.18
49.18
59.4892
59.4892
59.4892
59.4892
69.9617
69.9617
69.9617
69.9617
81.3167
81.3167
81.3167
81.3167
91.4448
91.4448
91.4448
91.4448
101.6408
101.6408
101.6408
101.6408
111.7123
111.7123
111.7123
111.7123
121.957
121.957
121.957
121.957
132.18
132.18
132.18
132.18
142.2345
142.2345
142.2345
142.2345
152.3876
152.3876
152.3876
152.3876
162.5604
162.5604
162.5604
162.5604
172.812
172.812
172.812
172.812
183.8144
183.8144
183.8144
183.8144
194.8069
194.8069
194.8069
194.8069
204.8886
204.8886
204.8886
204.8886
215.0393
215.0393
215.0393
215.0393
225.1077
225.1077
225.1077
225.1077
235.2397
235.2397
235.2397
235.2397
245.483
245.483
245.483
245.483
255.6307
255.6307
255.6307
255.6307
265.8189
265.8189
265.8189
265.8189
276.0392
276.0392
276.0392
276.0392
286.3866
286.3866
286.3866
286.3866
296.5307
296.5307
296.5307
296.5307
306.8191
306.8191
306.8191
306.8191
317.0505
317.0505
317.0505
317.0505
327.1824
327.1824
327.1824
327.1824
337.4831
337.4831
337.4831
337.4831
347.706
347.706
347.706
347.706
357.9542
357.9542
357.9542
357.9542
368.2336
368.2336
368.2336
368.2336
